-1.85,0.9000000000000006,0.973905489987651875413077851129888571644153783051350473244783883809808899082968688610865392326401625824161681234036551986800907570956015589676563257695054719303794836143896438824335443359296975355592131418526181657241554151753615649150172075732351618705014560261944722734719452378002706607450040289631614775532361394660703067640693691242512304486726062276715407810963633242048519102271327469754477046981298222325729294835877774968174670855512207018915882745452109474330739053826797831100128154395354654995205523722480392578956,0.000000000000374399129781059455736308185265342372408749751384735029314631193744725864060159282958661274149613855117258225840344115304238727010721877809412341330149151180774206250606240669605395143161451040124984122589773552710070014222338268311337242319864865085270372716207256628662728430842580262831348511140459697999039964785448113052832371246610782604901902526652557690085291638033325086847213090328082529094974259983697075653711398188048059069653544391910085753410795653541920085083173510552391491927503480833005224669680815873471727,0.0000000000000000157263945275863758921042267515177995649136043689499250284068774346326063809429891360564050146836108554491616550653117775549637931214465946087068315075492686941271602258828051503905541744934944835434333946491431478651963321047136958781504657412815197091579334681957144017340103547745337941661931068412810216126817680977423818664894670787071754019184479157467014168452290123613312641907217448856255241300963499972747443979725429804977879358833152002037942589570075032002831198549503022038651889323470178221919107068368203635,0.00000000000000000000786885286736824631264702424195546055603556560978921424250641581560906115510619628046312928926255093274634707685753865717446800299071380635517950858613016858104265623931862246962869802340938763969328592606021333778412445000280746199947472860544547267533916072648899551747012358782009553121049992407001715598261125343754576577684746294354607828729730210919658752039804281637604047194942088811919652492717293594745490440825490316455783924855807035593931515331203198291744304660079494425916128633906176623868991524725638722734258,0.00000000000000074637628812179558029755255959358455433390232013884561923106654263150573338824661504238370037188602785866652432148960340282051076047554935087371412024316842689475634232988734129670322411190470320580308061835424492808334940836291111493177187943979183943834428808459724962890616727688397649294530706279837597617717080185268670518966959352849990014611323843081568634204672672899059127878894417733764045565279395452069567312995374051876655691376773464187658653309272366079788190966393407361622953620567566764555025672909037384387,0.000000000000125168465289564122436964518899981885321677428722487248507516908201384074751594357123164048432727947034449135180098795592246686383813911484996314886470559420016363078001185736258951094832330072221064420636873505412028260455524118480190238771769650622955581427388837771175930317671901670599646068938458290426800734300199725653558510463191357746474874287374892227458973148250955927460546239162268081445801537655420246153581414597821481896285065198031950624642586611211246369545094199066097920010836280372072373510291106500509922,0.00000000000000000569102916914534726257973155276864553497623123299595537188259929085657783971623993257489450861181578722182746067380298197810188474151379046708657525730402560829260710306560693313966869189871292073185527717129276316005746820583483125754906881323601220855348050959337799247201397898768886261180920816268329964375045877753350612527300682574015176514684170118409416193818684339663666730929520111467912140133576479995359918841411705679978694610469120276880046097024670478974259213081365914275853306611431363100494814538045975835899,0.00000000000000000315122997020327365138108433146064919143622262219877437111082746923172534179439804724767231329827838803327207053922309672347744670740990967026020295101561745732492259990914095038729088542733142698350113589304368880429416040691377085818886509381187175036594164650684096836184417669321871024332622552811754868244284228432920391608759360406388738531137642545967081909653643658717960653898968364683966708895454741818157643324873687589247789277638727865673375793285634738466994418133299278874260895186105082242549249381593814536438,0.000000000142096600129386782158646383176612342144390382399995983582886804129550670167033452358754486648094708433469134966010680410705954825271422791990015755129788152848555416300981769454924543865124626599727277958364156657772574773662611078939953404544389779640718570546828916047594849208580561202315626601088236284039067213853526064787195210043479553142026549688236332643614288382581819063177133086905239999508704407604023139940916713796872997975565580919831923274056198464308344790835396008408148578921399420583013375383299913064611,0.000000164970046737109964747520916161789024505081732307188701503810296138187936724000746960966898541339957033900518604505428558994679410302549628710236675935680419801020887003161662944025427366251913981857372404939910683449850945768332259141787140316349115879112815750312624209083968207298975490632385023040657468945937807271453698632323629696040748336449377195001527655255817945159118437821042554346171152865857856266307787841672197237110187128502794626857124630290760969618989591029919884712171492445245994423668467961162708835159,0.00000000000000100659552762566182076020649879408282330991359988390462761055386321060277811083427403999206536545575528865576604223520629064793708461411349054773484673812719355113812347693823310932141558723404125485623899313952547369888702041001679833139470614043505324981460367465426646851095222690017757582364892034637112638345954147676420407869155558330321345665669180502462183545275170968093893492213897418009222473055403355620852139106363631841179008005229603266675417578236922209479204986444960250417995910831765913054179788212252908031,0.00000000000120683813391325463972360187580174300531839962276960493081821489183883991033765503021369139298270746140986772244030429163293761231425750286872902507203413453420987695425785390130438540468049053308611152935456032414439389740625206903720208010295083603147200918677209930302890941704016426409191265920420360917866595774760790315646637754256168493896973131391188336977105945237939560040841891297144389433370479533740578268407132242501137734101358099915898752145563753780763707615574552937071575127313973141703364556683984264343968,0.0000000000000052397795081769103905454502405617447096049650823216299799935328024266500479568525847686316854095540985264670338618870625542933955471575786446067211737803939463549994190332007862533074580265096403940198346293970120743317900988450526296253320779984319824175070407635694321465871356999444359143410135712750066312049553860378985080259335750823238821256140444319647368116182241161608738237191721418610070761302819443562759252669113238245491366407069130953368072458103053347500517957680073804214316315844184095278814087837231272296,0.000000000000356403755129720948077936051260737809095897880236950417647975681638811172008246277692746804236020173887543047379712169025054636568712366886329587860451655336660638697817495977378948102283131554094059491317810762109628640994574956721095208478240040039018590643844399883578444894351603527022722768208379826237255413705074618848708184882654198565521323639624437974444570210145233880392183696245046832694218075723250743066641374730648379861957566759567861516658975739234009840713009931295273100404792747158737812198483161504823535,0.0000000000396555884681044184184857598793061958712676088422874677315564944185578188463452344563644831029922316775088303377515936076973024156852364327662414130781661731721062569965507331003280293883271636139956279091418012492025763324433619889198857797857137181332041581968894902252223783134258604309615582495616033162598455256954078857923112030346693306397126968164883474196189252178685513785287700762669336273246046445033593195246471840236006630926478394728350500325355388683456665854282303877019276923347416804651826014433088270781619,0.291481256208369401374212189237128587833636350615909573505226817206023994892071776437422538251744956900878267257789786812821975052031280458058133546926223461609678497011754589824196099820817151713202651379061991943992228688579807221967644365142027861539692919327589244278316990685484549315490726410325713905407650578167390826413263857510513759349540131619358085387506043052616215767272205038918212370641638529718778014126702691516405900185908772128086853613803284813944500372110104322574924137125213919437907159131158834211827,0.70851857863751150477036348494316722761313798390479150205498184234338348062108310432439140011746997417476535049577283993932951868656169177390421795500522565891554153406364026288107073204177803968186545439179522860800487171251111602303870184965506382213993315547078620529951538865798541552226062243428122240556129648718469844396100677112915500751487001608288607936062217832902770536647781283490642486240742796474969068206600229987355769605580908099387488322176709729465451495136112928701724134695442822196285694536718932629972
-1.85,0.9000000000000006,0.973905489987651875413077851129888571644153783051350473244783883809808899082968688610865392326401625824161681234036551986800907570956015589676563257695054719303794836143896438824335443359296975355592131418526181657241554151753615649150172075732351618705014560261944722734719452378002706607450040289631614775532361394660703067640693691242512304486726062276715407810963633242048519102271327469754477046981298222325729294835877774968174670855512207018915882745452109474330739053826797831100128154395354654995205523722480392578956,0.00000000000000000000000440113345259050249248542972982307142473476619509364343752419119535222360713600177432474121001750312316702333683725865687597532284510703887289346298026843696437009916169955745801493567748689532385867516241440818758257549137762938988614147819373111316671778579246520673889705273299964486412940900556577572585652276083641632126648204400130810642764780308087970891383455503822346949620499384379475118201814305027429078461572019003461265080645217373123570597773878074411040759681147252225953399733390833650334914232829433011020305,0.0000000000000000000000640572279618268757383153067483390882564664160962658699000155010249380081337505058944013970018962037424063610209767970340070813511878598073397012121026109070635233381684380509951763221813028388163707389569095939545137519107998917746263817744399417802896218214768127719870751081338103459982496617282098249928228570626349312727580959836752499498322011586079577780455670418039098934716878581008039182953680119086808121440184272747443566223692782117147721087541208380508165464968612669816625539987552605532927230002913186622649344,0.0000000000000000000000000320516505572141507909337316631152333916473365168886666319250770985729395458357890291250689425292058234543791739079224636984838155404648146068983002980838797960501092715269964223180639806146369360273980767993314147346567560967573363922392825040788104304507609903315244017670290375365064056424447664016043301950621535228082581394935351257493221513027011706415472449486183713382566969674765118599940103895229886372831460682869812260716117394572558334891083448256383907985216584990777561531680097787654991114006720290163022955822,0.000000000000000000000000000000025326468488574273618575526376160410008548697419809643965811582540208075325019106237789847497403448361297122850303998170507055917279953663976550477903248466858598439337735015232464325581018494048596402871297441566599471657478626051822576248779327394127628580729595615718291877122209207167684341838649181906757880448963526039754388396891915941762960877819088596287369825475856686650364818777414932639316843195088869494600668872571172679809322680329571957903045548137895704867923583701424605871947566383214217625957397541457272,0.00000000000000000000000147137927408500761093354905813181034129244505902859466227479420513233766416179095861398922007288539896789148699575940711616996649323225786058930212027233635151371420435326858243927922665682614879887788795590122150933218753249302869787460776773063658698444510095532251342454689272387156940826239542783735840502811885196711978860719523469863941905075588817859272448929281308498339974572515211069176094463664394379658121696270088831641728904406859259664383222757326783022870665382829303221101184081568364749787376402986451837826,0.0000000000000000000000000000668991374810108521554202243530440995890193457167154872950270644726221192209927005422855531395351027205647217362757326312106025253718354076774683170787924811190315210465870428962880570993940853453808125507757688938496077744525802689205713731766472448436907387879358404876415082810609120219539037418945282976615456545494595278581412158693525279126325505542498290620145747718621073841328774055042924625849819900052813094498766501891166261440415128454879464007461494279162385934640218041718745460937452624391292882775122514632416,0.0000000000000000000000000000370433116304989353701603894511202516130137426470448015256360670529987629453874917694690627592592136124405585198525084619733496006847382919675413461237761301511093492705468992529803750031173645784680076830291165459699279843385161362322273860781321970376055794228207383645977557394846861773221120443804659267431493973655107856098685760247361674843868488764624965593767285320576568009966241437175806651127583299575673817207385737933028224542936283151940450411258674456807428209102593484094342171957622341280488371008897239358098,0.00000000000000000000167037274016777872483499479277280920586590524824430859499091400558887381044280054640851992280268952428328952475662814288951140083065887088761250709720943673805153584122593174375677465218243438481131516285122699974986695178320252691646935251471717729378210778205527422200346958026387050211608890562009441228200009606856608635569952517030111438731111545294280381390657514778415283226052689869426602725569872464788045913091378808494936113836752401139748827455631198923859220490588833062507043785340600697835395638438480744945193,0.000000000000671961006203636255813370094035391542597612165966496416955832057149208885981436121047085924575123976789861965689553042769072040321270720596448815023426615930246117962209089947553498430327891949725555829486858211376097438680897177371369893196686368066512645457282176572284188815425020904276800073257228996993218054568202530626377357878844810678101751802590543461824169164118703033658145245351927968390313956037873021271961274441777317524001290819266631204507468404962520751835952128046785960835523362850959729537882572534173809,0.0000000000000000000000000000000341487991367979324300185255515852422918080290164287651107799913373374117767968503221997062797613119413751152560634555682861310206685110979691709998751746818878673125476964951366376538150479225824478112870022996342006684619373900531267539859276778318266452181168138526775938707319428217689209659306730597093202397680053503185811975921282747490801429044053413967575043740575382972512868898941562712880322327952260595210416642935000092332574654039067464428141812777511248192101081138018231373545920090904170830571206479018138933,0.0000000000000000000000141866133239506898148729672661606289714788826967935412768863157305656361132718767383816248348791433380140466673062406846419914780498530869405637028922901560086266861659533360825205462604478833439550377163286041843876707310534087265368500183185264506312390217309031877069018969738733658565369082206360981231337883334460149864368127425359519545217354319707968411190757813834661927809658113135630631719246035103377292859043472620381984669245988958435639086983031707710775860271582690406052642805272357948817920158807860766262423,0.0000000000000000000213428290786057762115866235119037927409792680649407963546728216289732368772060823903790419340926986011072146571480640328155573474139387568308448945657556152149059327604496002162572615411511571725719942707250756405119810408231124987931625923738502732657357229087987975586776440229304230829030627734681831982424151238980438435683532380114489697168934871113058725566978567457397794503002865153463384089790843294165142434959088598346837149838640188377013759813740502874865754801668014231356068404916108745873442185958884046450514,0.00000000000000000145171460303555970922649804317977500390871332682892591285370985100648563017862767738949270791841426802485065547367433860194868482607912267799028190874403007019704664512337665567013523199327428260467341385473670016395207397381912761874977115718155757901201002419433024677405881012433700263833767065209374313408330692595751391630124954219448600109924690843628808661025952343211092824235149820812341543374045886425467690105000232139328617467060859430017367445162430305610832878877281226397262419470024101502715369781939508354673,0.00000000000000000000000000134531764555228860427855453038128430130379615572037707071116920418114684833265301406504584492134196110624588149060022090377307076775766046231418165828473906403267060940180193716431178157034640565666294794777026791380954726395792773111857920587695505882401583179909190512138627909550404494394110124775335964265334656309092226405757734651721634894990652982852448537958502247656943661526583280498813784780379987262063670482614989536790115669782896718616336993363779138851428780870200497502381844421768759514023923875591761306386,0.00000118727030806626592267519913557239608814286758748124908908761937857277188130473325742270826006532595056549551849741554069985229256009931393010343397508008171819295097708432956078079362503839813451362873984883929174850097726628985908717855014703826897356563752061215115517868194954137684592451115503269409902873005011039483093130347480675968678978748133499960334952987019480121968087716999331214371624249892484203883444944681619793193930828301597698088168629005711680863235271257206728191509919152438941108568088963506386023696,0.999998812729019971253058791025400379334060069015399700835996064646496598967769783368600007479452476831274376404458124497403062793066159381673460670918286267816593879525294305751077747907208979198919794462950971697677565958879331896895566261725597979117132370147952942075234719387383723928360331713691389389277814657290120736848846413691693118614029799077815474321671335560771246485707661462887413142119789977581711153816222693115401294122004605400152748335338321108389519831619618893166296841070291350643919162987708036410059
-1.85,0.9000000000000006,0.973905489987651875413077851129888571644153783051350473244783883809808899082968688610865392326401625824161681234036551986800907570956015589676563257695054719303794836143896438824335443359296975355592131418526181657241554151753615649150172075732351618705014560261944722734719452378002706607450040289631614775532361394660703067640693691242512304486726062276715407810963633242048519102271327469754477046981298222325729294835877774968174670855512207018915882745452109474330739053826797831100128154395354654995205523722480392578956,0.00000000150179780126209714720707703580687907401297368453210107872646370945343266063909299420211762678043657954843189323197629733045683710289141628455267754529782015464270025803355140379984236435131082059275795948280461864985458186588048443195056284911738139158664353041635263875342957207436875852199812544508676499564960910250302287159504661899329649473009306252524263637202816158983461609112069651508492666888411816956913221743089850791210748701936420533858425663008589147492284055113575362539509539801252973909938257485903630886111,0.0000000000000000538315826931458956730359754406833432102916935640098339203153107649900931536464887829555393216291886994518700437227994204844480185887204022274283178264614166274716867440145312647562409180490632428613584833636607261158690625994941386814110111496205889324227238250361785854287427656101111683076133391731877095280686737124048370766938368101151691326344864993051729293773716100916796987950662178520124812779699658514377104427119791274823578436204792141786010158604482814786283726191006955363488248093336897084407735851920703140431,0.000000000000000000026935150525881074354915197274223174143285705595282284268289462620740571853503812466621999576126492411577751688858940124925187760756334030612828846470875999044093388732270028542374296390796927624982231505088678869808712219909759716383719382623885824697372319779183692416566532698633174644411352887902056056027773429699258135869162502970793119596647662097791588582109803308593942934745974131935783064723595107106527320094999635585405988026934457489760704538848769138565444838743130165803401433306451229676604690970641057525662,0.00000000350835166244824890281107497572569629167089866788609545924422485232605498798253482081698613918305252668942252495430439388922016460117640214077562743813625957368061600996329771812016932535067692035150759920593822523113682143478711340213820705095154990229267028870945565188467826175511346031025977224238629044693287437112321224387292013734928374350190813085926209955521996213288043122165339860007095163929128291742178649731794881328448380050060890634429021753241342724201694170537609787133153673002675907089148534998823358768543,0.000000000502078426488714995025517602094152204000128219505115624156865154705817531830040245467253164041597481942434872872703831014149951784109677666934301474432930924499034613279815003180556587969691189992068782789337249303512067372394495217192053683584137556241660991334037923014878549154047861960687990867015831062952529774314773822628195643287593874794214900421296498822440988683746788582696875764469930363569711835181950246696296380066347589060165605527298812223365747216486186074811731896906850721624413027697702182634736911816395,0.0000000000000228279779873925241312076850900798543182145984253633020253114942377055599992008619867635702252654441299418828119916841390269930891117656579477110022596287268089513856031494628659068264012678214258313081758160766824819876968203921204397894995787410948312677734256848605860437729868706290727702148218410783156943811497740195650893337984425015987236087809175981894193894655423860240511164729192039606004689655297546997937219871259878155339335005833046791288716031698407911879894143169590489518585457493109566329534530535274260845,0.0000000000000126402810906370703897180680272503274981284320308539708125604451245053268062617564833121325148691844724646226718612589892358021260889861226855963667300879426453999572563283870153346046167897387638097069521451245126759782783390285483131941962954473554351693232108148312427700861403448181590967149818025395587955365463676079498141623594588683595838290509239533439808833300921498899086915684460651370406640056447307913040030042688847142037086845883193606081046969440383193585422729436155827498596783547180187666519367294592529461,0.00000056998092320867420817267091744760460508692109990351096743683399060405291896933642434545069744258781484235814862960257192107225653043014266077947292175826481308592740324974661673509239730062269754464628817324551670482144333945936055248494650779376684597847242962126642403853017699941617951904350178914041630278433557914984050261232512552338058217788495218496494401929638583531704676508756144472569993344598312313283055971612283402720752084572420652524714181498197471338945309387018467493639547184940284296141162133766675872484,0.000000564693878005096510361693801623863195775762410745768683192009698601054952604563414912203105957336490631746896307316715197169542392197818726768721330876415492121491168695174980318506709104978408111373167493079925146184499167613144351140255916187319679438620811936710169835914693745607658264674625832874115206090751557028384908001038604572506695897836415192570791183218427501170083979834255087282489633350069887358434634855989138455163737786349417643387976452175451029309790757251790907210584761674709770148250383445800200977876,0.00000000473151565632560167283061709389236387463520262659988495253226862714903724061335067617979336716142715902693603271742509571104779241989181308192207175128112799794021725175399929885235928975964221781016246871917272929631727836323356352834415418188836652654171901638919439214800126384072724160963000506696958069837685682526872977395813825206152983206558663951736833969755872512312790407980081124326127695231368125623980040124059425482849603810548224511511390098439512172904864358477275851999539825685360217756072842954423484830798,0.00000000484089494826028668769821230554478072768291343290113764898161298299049096300046268898794278822804762172663315718514326947782271537755028963340228677543843586880274570940492734544383345658211228792691087599583169589733050669383210226776180027552097802247363299163178807336678420280344916839958551247611829661592481685995160130112031719992561634480627999437087628251031190954880320415562087464703111181122829446211714028649730439149731197166312824885235246006648314569959273920814213690936267194621512314082836474622544615491777,0.0000000000000179358099781544023216934205917031038042987153263490715737791244568578899925163726080651127929526428861803661758079371112377311156347894245591231861908955575536479160267283502480824477075418792993140186801927126439471152424730989129484571431648729422205810511139506783700008824089072006172845330400806163622124400894224171613262791463307658232794513311212657809315792224887650052085381492136732334188276328311433302411283991458575198910942566066196532643675386367707669701472586152129283655471385682563048922482374443369364496,0.00000000000121997309572506610440364973362920451046775664697000843115664418698350926698027397789052242047112885682566632236557832183186791264943453378555195453870558228597060354826700392871634291178429579031331735063315948493893053460100692080900070640968549384561199776056019685402736584414141057116003975767294325936297484093469525091560675529745350724131998512673382345105660963104734519685197891760899027379385160883190748589967801196091702138279430013757747621742947911479839471629946507565184183592593695549323808850265413456494881,0.000186401620659115475934706149155103572064088912418141170668163054840732336998683621833415772452375393576689797359670008789623427721547669419270216499076102527701654784033831987505077655045287526257822099970095052118917874474109387445665206420061395724124448776012478536993884399619729048505098691962393081280877481518251588616770883269922178466014066028589783652835589439438680435371282788420844754245792709074971374831833103484560511751639049144789378987814000714556674288766224531260888912542531152189162840459586553899119784,0.99774282780192982262324283233773320173457154040111612389779812474517130325486950648888674365194398506380344621854114745385509581710698932590472341910178704746864038138208429992931660760687074243353168593891875461901719673916939034397400678106690100848935790008733586652739491185796880354903186520775769761078114938837947828722715749036823301190458257100570555619160882626822749918102447966686041467373778621959111277665595831097715214592277465617819044913558920820181966048161424939168360974580240562927379920769222702265331,0.00206961981252339819252060617106429546517493378923773614039508063230129857737687667107606046672265288236468190092186611111598135101962374971120152001615187856905371314626951494409240704788753397619025986331313227064807993490444754365171498273480467890528872711624361315836069858424565534612765589634931134505251730632941324853364701204431807476176030256603516221874304739306909593184681725341676214849295118903022155869076015654638912155609586338386930906231339613615845117497263085312965155834632572999983351589187949752810145
-1.85,0.9000000000000006,0.0596231559801731582553279925106721126081658035525320024492443203120019598878217733746888801341091508493788440103686713694002306684257489393077613789260735375433666578546528595804312108935175019228514826621865129114441770347569604593156428935260088603102021307091594197903921690010643295137217229484136401657407826553697835919246616079934410655957239625973482286769296016365670780885679169558173139667787225414150369147827941287490514290591786293495603461538647143573150900843699600382988264552182094364720409835762356836766021,0.00000000000128447066982971848018693682295678299045348880699201068614452796085636134707744239252487596031741375677927709020687803449583962387477290612272277378285236646161396562726856062786528033073754308929620803947397975124800810449766962224044502164936491197960348877349178729114528748006608656134749453115466804813976545692958612037755355476264067493015885860987161182071651637947870330940645753644489754925929273525409335825286271042821058642582605958452364869084425245813756217547591610186356359255224927307320458331319085177198219,0.000000000000000000000000264576331034545193779310194435284389587502267779527050440118531228231911648850693898902835164653592185920317369791430160499412363685352277460983355011572062699138209411601775529836985998080746628107470636100947284445979329658875058284923074900245725096620560949021907164155322967463695434280965155360114615135990135112303113446218990396186717035131501983810984756538812259545811850630918713210531406250799208814344278088826209552915285656628939643846028252731254803818655464589518897519470355708624596335765289235094654109698,0.0000000000000000000000000779269864275901994865765738610596369502353528695278071278117518958968788796743074443907229361524163570357307980683674726358810787397230731808944816808818227435838049707336577774585498964857470061976221512944874961514771751443628154689037646350117422279964439859902862470007023441429186774728150065535522118268741810389098504700416367035550798702067728655568745877263483971697884672333558627017612316229006656707127271461623028950771819620664391233899329305766758148615791655674133623968925419916590755868529436991280884531061,0.0000000000000000000000000213316781804655318501350260234236213751148639437220175209966141041819823580089969851429969053628061441670080354806986066316352556798423316103371327923085364896956725130970288573572681131751104533329980550857670890452128785440966459119785210737945351909517364088564918083414911536272438743793774537239994144511922453740014135462326398655601672849399076775298753433510849794931843424322338243233248707005749871248501930088542325387992462062116805682608349847585052673596873719065569008478707200669111559814123435391421992876584,0.00000000000000000000000357735563467424379653977976462177924651063230574048831240144073145339548737801680092362689555121434517109737343371597490628577694061327211872724200589170128691935875036041280307464880471145559303334355016249329962503612248715136391275259368219495783444779977544267555166744542169237502944336220748117513628526868181938599497356396974746853558184330290891596168937982087823485440900332652400621679862081094873185584697518641545914463504399370204861981543780407101121488529866824225074835860996597773945859042479343193770249538,0.0000000000000000000000000957442352563275470816252185389646240027396942758388342130516562070306068180872038830216452185455648387643183432356236152799532884082409349006460992101878865169300422474604904383937624121766054655806581640897887053124867246777293053776334415463082403371091809937586628062953685927962105443293724606216735310727041512039397208198686090638161949989123594442839263991814200882965758721154568458206147040519675386841329209522260321867909985911542875543952903842503149592619893474811898669584228686229175401965312337182807099545539,0.0000000000000000000000312073258017817487030896295754969247599394811371760857835705311663875457825490447557617003015493982716863416093445459390194858133889634915455425563769102333283184573579449706232852363246763992011217852822314646257188354524608821610643125367410060669853362086964565873024998766284521734098950099124587036515056606768738477453346710519404582607312820512734744402240828669218287615092344106347748313657578141839031220123798441417674527700760029123048262899880685302337263792250912789078002365416701106758693776846315425834563514,0.000000000000828351718041567540081333961274465328366781868377610906047337332484505100328952276698799137198506330753167004980887021727389611197951638927689569272994999125585690609232764964179794270511862480727468010942474620027767342344842857670348752933440963128164258135899478776504640576654619807333917210833903947223346052072563027214908375195331921657889100318700260109807019870034132839140066928673680703758646958750227796003998096478407834726570815406732333692833113860391147048529326115976962943954842756315625588040827478528910353,0.00000000000000277540854133721253485182909443403337664508837857243165368903426048547282104220589930778744696122877692086394683249535984182763729396167893923914146027345190417261894346286329821438396764293372970149511507624390053301940611513831391955848648212355899366635546480333945650867025367674401771724686252493688459358202573840866801591885520754515228472744191504956209908438811244733908893780639782426843233599480243674298067485304715463445700920575137304551916611031040953690980037580141285520232672564298609421672439985424540467245,0.000000000000000000000000000048872837249997608030341353524074523266461291076802003182527745303955019573186879199274604563583371771242651747930853817643544691717286931667854306971247703254581103863547478167835425925845762848779607269170336009698148273105748033629479864856817073595254464803727942581381588652599868947178222366988646667676059852405204638317249697986726451748758475422338193925565613849090520180570932345576275227748205582960147765297259978199601242946586686791219423402032792928982553201936645491659647729904500248051279365271865025787975,0.0000000024377512197422998511474586133140580663570056656841051412823424249520600698433156272109259608090901096675037231096380764571412091996340880748867808585814880095457055328416381491874305904102259272141280404992857508613535298602029855447954411195359155763810806297986819687803803551567429848672825695578596944680382492817465037884656261249450520047793988612326337920965904721642893655673113022533689724451972442975613670640363748074391591457483248615854512566970076098685447594724017223747467126863851500393524205520806924721388,0.0000000000000000000518906927730916024035241746246485500005214425845133454196181577183766260173560926374491885780658742294822393367325434547304522055403752623322562208911719920074943257342959972632498193781628840644922672604232385743497811525200867904951595830225290598976611452988421688573042641055979124385908696914316280003420284243517433510670170151128530870241969984802810075705825707693779039203672970441857910875957689821986019795784731594304462050606708481329529966728269402587872261801898388928510464026091276883226097250018872677404138,0.00000000000000207765465612371702773719420704564473794551437126036650614553982450185635761078866392079963143446584666490511709440347501457346899551514429603386916208422314567800496236936816913362654684195730711917234301361521460730753136076901607678594898114980206616873219334055815124558261083036928056948861830596878931439663688957802849516706385411258305483471222216962043933455220958978279980234416490131900698858785188981516777631887359119679020947071865430976712276059336088446179883433255363778545656187570638743341628613152654486254,0.000000000000000000667154196310063834261448783526380309501945134399271001586249002710041767068083357063852795679001860639468919725915481879839798762508855037140194718889864341535505287053917174871198200737576196848875243892692570717211863808846429602112907819954190516983544969404302879034296417304067894590860474062175049740015692421138391306555298099532506151871742571017113404783632522132988277261167188755452799998775893084757053653864970420319839151084335431786098528908593733287153832692251416543507180484174915309413426738684028361112404,0.999999985640218648826667085014553051698692331237943536861194392871892775271042532037657641570845162504838615359042042446630418957517508459154873296080624149388103273586442645608228941833241988418045925318962659896595890316145705875525279155026732655398462923320295835406746731051104921595137439524777845614131449877252616389000352484917135145382559506729809646973327954944228555353799961199845508342185050715381301710518718528299380718992241574734266797435154306634135553013668359153610993331812684678724555679289956866899912,0.0000000119199124552608770286582838917445132455435263559892591088456243506425015818041466706013505053522543657387411214307155963630425706041723614237150306894098238561286521623691771768621341788133082739554080221083394099345928933332005609286768441436739127452750327367567126529244262769723491855604547000179822737194570295616081538641377876072441526365848697922514494804400909305854060416346645728138333322883634909851586831785414340369464462084933793851786909721535207206149338239029989410912795825156977896537254934164583026550424
-1.85,0.9000000000000006,0.978699505671626732958669628941083495284160172870072536482587577262219622087392649077565579001759199406599752728359692663998327268603789259899766599036427662665824300827699367474447270950348782789478368317011157413975570770223341882592553852937248726072226756897388327043773881315290093680873280454048303290899762022145915902087438672982833785500733000669846672262875376169144606320739558292531967809127582554321294231684099828572652605199617577255307409046339813037013807306354543598555619630260325042989452204638445690114062,0.000000000000231961715979244927238312807550297145709151302274799086027764318247500908566108815381525377175898801402796216795997391843778617488380899825700202795052696952273915358517398298678620863089849879879075787435851201585092031225756510358685403518062258533559142147651891053263708687802219520977052375609065430485947397300633281388257669165100584199160503736848207169788266324022962453175272354345143890588047873081510070060627435036476252207204973634663285369891765417843533214139994988341122756489690393695852699079991968075577762,0.0000000000000000181877690702604116604411060352338409813911645922658485862124343327906931999353624874710000897996205044774817673352942678823254757201966312589055880566189427638023298870660080276050932497920985295592691148284098180386025472446421916625255939831836483366682047130573169297914867548793508160290320963907289831618564590170270684803136572126463115116055615988694738653943693866488178048492409028750170681251444565909836496426113606706294163407512847097717304089373987390041467712556473706413785528723130329074291879564381942120423,0.00000000000000000000739049126189114895988690645845666454856493947540853835245299661702516086184617058438730971238565516587894793026660629696164133848751859106941901766328988420899239833214133355659790555064354855588090922705710653990211424152250883436067096375622736175836248908610910589826557640879634192678774802625906529575438718627352040722856603541679846329279512528490100473865945723637256201376424079770065934757637574232315387703505388877393313566520556853824832374681931034283792841617651492815703537541235235852769090035040669086704204,0.00000000000000106267415259040862926972808882815361714992884444182037898917434468909541151769802470031645520374144178846161606651001546085931370898073971805753685472357627717449646345258046837308683173919472994832789622664072778329983175739755179329013079575382435900027477874500816342890057752366790255791285438698876355266153638077047160182017480584658929734961237308280041480255186167035850422967794542436594570321007956065739418025551141576393448585049870104032079796207383406406122855531485712969459414610412317779523679545762675149504,0.000000000000178212109494191330724371199408621091744813154280838762665611294670270513155144798837626993014979850718498853931055479976461266303608703244837719955448031761628724322567462782906971869130312968823235631047236962616538927640813896893867312440268607539381444417299134363398436883297103628436541903309212791142708034809790299995189272976098669574197748448984908937034703027660229413025095138917345120081634764860814442688442681805563794440213299599429022574253160143598955175549919690548845539091571755290776612999662960246756036,0.00000000000000000658028514544462821406787527299682238660298714365488486268266709193064586154689855532657775987206343664562592907697799569637520813500626999254436191994638073702387176555319612011063657418693901561416037940052243079298781979986166758767610182250851404845757709283400025500267044236511232588807358865003188664358321738951210272627549774650854044384911142876600705822345429086489629770151586269894899929398081795715052514755258834396108322034249752101055303137232138503547107539304055694926418009506642346670109431652749621355252,0.00000000000000000295966107786506894096495076700025303735673194214913817548274240325642012905838622420941304036333462849569763090632760800789446943598028171588775572465191589350601931953492987914822266127044512628892596198988097703310667975597567309269759697700266442512778974382757557095636719164285916369357229715868937582950684532052343293815474654152259239308041741373169983200754532903479999113324654879768667345717612833236195629246712507315771039921218026458562175025771060024692191908009739379633194242805477981324281517303061265356871,0.000000000108406057652007612512435550371285937988721871717922652648788924803777036531429487263870492266318039415297436362034797748469711862289072697582242443602626004183070718440342986550434972625515522849476796924630759354743899282242206365338054936828285778930780564314047739982217802924440366410252155216920824859493522164471081034719661253808365910917170729375424013669432714084683889553342855474426787888385662207247069150281255940860299897086091904125839966500479854676078235135842508055260609739066632697096588492421479086805266,0.00000019078989200616972215223518663540120326252593461318878077167475476654634662651765905787880144528838646561885638186417831003850957873780241999587276285986063333370749964292542185478326913524857603371996744913320275497217686718461834167629412146842208045966926408521971744557998804721417302878226980978951207514010932947448960744366986801548543851564001257068725541299401242720184732853739312254919691868055212877429911501115533844749607130687502382681958391996804377302748276716541951808658698702079750150292182284179531395794,0.00000000000000176436851422937175545285517455864489219809970729597287953044167726164481025791364640692528001372964010815619431958066656470291329092562645774880533101240585753227478343759421086072494679705713133466309071130256638710701824397848022616354492602486798227696573955306428592898201787578585856842534297501498645796074907513804900958482581530554905410860515989945881382325805021519852376539541893083710024750506874629505692200116290490888259116288442095942068391035961801070277544486004464092420098937840465204111949669799555133122,0.000000000000607349233818659013065173082868170588697963214026553368899182360841555065797815424082787416899228070404283230539535373081769168230049053370655514673976792690045899446195652174531793082662441682940746587925276842840221064532903295983762821220970991827900354751639996688460398052693889523779279718235623139343986863471195023746517782324945833556030208347273131913472199963898887984673530451011601460470265707927608212407815242833460412045188016071750713954966408410416828693796448460534688198444877951345217940089630526982272476,0.0000000000000049212439630186162816115935510914167385013664119729053487048284333109228597491460158742510710739533579090291941749930986898864736626846527870359022731602628769413536111943513647735731177418222347106050434763855164730918453454072162580899839694877249213842251470849706922570055041561591705714458077018353268533287514337205728378363733883221203466837985695832270536953764584105625151029939097335988283913549516582689317019432464194208046871848094454523448670237839366935670339446330987139301225312105260057072503209387460936351,0.000000000000271901832913693996953340798733303500757750215218391359429692671843126604116691562617311024263799161194867508011209680977276108723265556923913529353683062417357764088657539337741915469901357349030490063455313650635774910049451545386479379890007545343872057646318913019780147204010788195034942096061932920186111377540114637578791613510405993894996980303202985482167422995933777251026431195277203338634991257385402892032143743642185975855478972767270673936007526500084865430964990019476936563189306879573561215363855587338799061,0.0000000000458520018040463396824299581006951865623239137350502822743227287036592626961908629094634353999882047244428215037791928686870038667299494046893744587473122658278253377634574246814154866758006006665565777794013338075825477277191804522610877619368301430068354106178367972295743257389186199614660152186957983919450801421839286196933034486770149070247837393812208996334220829625589676225792637090153293995846913472674730077596975052040402514544029112715520330547860852679389303666204263569917378611483351517908301767789171890906005,0.180589341661711389787512332064415559276594143617249865223281010882942504635928816278815097904929925007607991351357797924327971994808778075156860039674162873743209080810610004696060708559358232353650978931263820155199810913839884896780048385797655876093652204156874667382107878524866861699826824807583414187727469137904374896966938285799461652919447528614920836531341609003827937672521129491790729650747683012587507341745106391079926344146974253581863943766768173004947074500800041441366549798371059232499767435795706187245845,0.819410467392484913181428502391849511534863093381331435257495500945474831608135579637508827822100951276899466884746543723387379305858057537705461661508907147553062763892961627899088436000254268379777576412800503563467253511284985690120219237141563917544377833376217074895102727182594266527239349454156655560367915797252585795012658248880218961773395594449686122191901965008988179825328484643711518790684877605951191130542110948800666610721621046895006817465448655890726415271956163120014559072524251218558543880502892892129664
-1.85,0.9000000000000006,0.00184853201512550106739617433110801576353119148516995739413336116624489639286574183928171945993387288511553364925945964846284193809697790010741627992696731623938945451102162583782804873869305318473360494032037094091349874431921228224686722349065902041733626620733098555599071843374929828694919107856273203025116893488188607858244489045809657402988968129246614105487486362688799464779910346334000667863372176860553608907368263733020268828383792858993361023844533932614922183903070310202890594599509749374536000453812736373420481,0.00000000150504812228311427445711740834080043602893308371910390501864211282596581600005975720591018249004956060926145316358523239698895705427481312172351466790536213957698060555243087475743631890580456025861482226503354133133928443976766938083063036299709350605185631735748490271342105723112601934748687437702131978620127221978188640131253359694711581012675129641314835767297928584859476574473220119297755243145346315931958549263260759609717906121054284247068592175536593975545145691081551152585398967142366826091802960867478667803937,0.00000000000000000000000000000659559130425535084377873027228776110748011021515911266823695862140498978907155979899226222301183704034252987010530583779661445206637936311801338890400086811823695137439124989744043827365895559731167673720468593131767905006116292965917368706405004894988264130285483015060154979184794131248807670297327739381230992185669876278743851566342551199447069658593793851064848933771150540661303856849641504244392656171241460001594513747357189289794890964220738330037360158572760322182290409505882332980143143870246533179705039102787198,0.0000000000000000000000000000664931294288430637942995653192024795321229365324360466357864622956586946535273141118920892608174960495333039960484230189356184639452038845680889235071285143323003390180584219826065862254497078593558892520160899306119727249348133617651832756455220737577781340877481268948432701831677006676778929349697044049851321364268586260858918672177712105663992400447282982139568347193906376869552278086298367664649120621875234802108384313691150922344876960068795416422043476928963501914487481748894865049883761361176470308098246100296877,0.0000000000000000000000000213295928745682237063820864856200880038396815323834888885174363358474130005517808162739502065126278446268806521820447447957386954030146304644466066021510457816265803182046762668054412124560957893743862961311835880587318160996456846069343888407950656572645626726378091042590905308732150691140679863886559182572092803064511681057253823296537301024365838760752187389182931613628190366953343111799019309368489234428656361398255857946536356738160362484356246649881932485829406731195000420183316092259903611637996948519818278825005,0.00000000000000000000000000305246721494130994663752989726345916676936614711356303633753054462676583690666704416960789550251690797105870598164902107552112031789593702875647058236629282550962856942299383329412254724941586349903414315822420465619597292788224605470279077052982049500089418306324065683659893820258792762441559701288052132514846776013701433058882440564570415602102400255538400855616201457775288308785442583932149303724952473249293945508209505098240898668095155629155672471702883219635824854548404187789420727429780486898598495072217219723982,0.00000000000000000000000000279632516038709251339720506515759399566615069220661974210231991620185350893562845158791376457286182345921946646349741907771711093235998006172758896089906758826264795765869587298481869590593482315029182585702304224295452871722161462621588772534507359928095187819465345635323948777677369201540403092357213091439676838849800184495074061086807892756346038522402120847712648411791128534403849416408597642453936809806086756687816079174048398197870745219340637675064145326021320309069230373082757300196762472556109545495092921391767,0.0000000000000000000000312042750891288336960052439875520559322356636193055835479463159644750764233019602075207607289843451758243608391067532319665800797618178137989485391820129797210692937342110543542729552826547883265741336393194367592692896084913688344079262103487559038676241441721554223730156743935668724682389149505269000381817246038409995763457175669735517273028318744438916710098060822460727991699442904345911903840828948997743385357112294963754182637628922647125086799167989894058829705952844115680349763012652834991095419405674601453663095,0.0000000000283566437707275842126190828249354023224351049691624970377678545461215464455873603078911953827460648328275470912535193061596887585649924312598086211772415952057560900863941198816434501417515485815571427223387208477232363162385628498692596272871949585623780897177723049838166744571259239578556201979362172702685483148923270966358734971785914370276316091704192141139247374283721928033290555805220480968678776720566636891918466359280637477288958193779931952321541277017479803035554998736501991479096998469882291389290357745635733,0.0000000000000000000691724733506532683841551661382596742413540590159413863400869550311147932615099318267356001682940685861039832748341891390984586561358548051709526884880034575412764912997042407633521836928615346467764642979540202583482021550172092817539175119670014810427942617935236503393050071761142846758653946680225509435896322230728225531784068809071745053397707929438368379615188702339602222508475139198137157386131368674103193480396945111859603811699256277894854134907525233616549401794012094268255546577368331722907883238215621598334539,0.00000000000000000000000000000142770654603779581205727854905587823060855482398450262829337335406257042459857660117554854272908807117029124253604458273994753205015308487450957280761503881855221123179108402915320144737048907861586033482921255661247066459896317697990388399653812546833156543573349371398715689802019153719066638349184959072832686645347478941475554856093277750545385048555600224660584713848600817105072828939713562874436211472792185003558262329663403371897865168158470398747520755554547303428448415348030842778020268888014452886612210994794919,0.0000977691233587104336335732601403657651694710188503123570730273864455862961251872937270605267784324021218590833325776845881053698002677228670371775353706642229565267877753393063242930964561168058992169940447533051089622817394369727541571923840114707151881397947086574967870711847369911430694177017137341454249454601919385784146672471984548456342482932625597551677738920732987999192898774834178343731395121778332424461523227302243489976105068767625183673756506521275521032054296508631453079181989022784894279021650288275619845596,0.0000000000000000000000442770176146821914057210090141752572567896225757192574246129750448693147432756487968182278650869184692169344187285355444916560095179022319992166152820926749627950883127058864435030242184954539973157406895209526900889958342545916395180987259526258302731730776721398913028235130130362877817180838178828625368033688309277821782167451923789439790357103155955380168329520459121695556260923469412542475193018029114416634227726433783459748300996322431112557675596140745174863708192379885664638495054149318059445912840552445943458413,0.000000000000000060680394740843330467631926042846772868234555833569328861979091398941398987280465385538328457786475604752885917484973875508642799414405360758041797426227104265723346495500898074700551344391756490250307011915670274424260308065806241614959859103364049919037590829165613552870279098982587182735521721113513603999075997424564292334321038675383008658077580808534141453029221600324324058284912993389197161201739216615638447364296800224807785981087359464736724026395414685994363446099520943056629878694796664089197094272218659105388,0.0000000000000000228333644825610990277400518721472215966163428466180505308535524412733474703596069996791388262414846190355548396314797301680596496856324236422161891321019228673106603432553282073282900707251456555724841062595296339107089331122305415123555463447668971913275091587014752899349475987007536904768055680617616196861013771181308932489976298905504853125548552590659214189631652323921140513820505669688220647901287256364856032477807026526799185956672770782180784301973797197977738434586444094554300104542131784259981385501273841258352,0.999902229343236186354092751287761669503854840208700980050082417175184912702885267036147525645751758682396750885026481687005589971033969706292932920198580134361966345896455684252595746025151015864580754878857014753813826519130874094070616791914976704591241385225285521874657967710347641457207121263742155689612574317851223882413164196743033906340777869477926076033931504218975500885130905158789682042841643136928999256122004936424540606880808160894426942473244124479974589083842720480526861505618994495265303186159548643310244,0.000000000000000253575424605376631357091920266100423668947795951167794877309527600592725801489339266379462676294523311839910829910243183000717734259417405944925254481097578765300869629797445876856061212537540757460937026384100495776954531564292107978001852265836747515138888775218947132147605047014119778157420655754558402941772202321879551367553590127774538150912940992072540347524827486121191778395980670448843433647109603450290065791937805455208755622253864742005676719882144215232082378414905317098675634908373704201774611025650077974212
-1.85,0.9000000000000006,0.978699505671626732958669628941083495284160172870072536482587577262219622087392649077565579001759199406599752728359692663998327268603789259899766599036427662665824300827699367474447270950348782789478368317011157413975570770223341882592553852937248726072226756897388327043773881315290093680873280454048303290899762022145915902087438672982833785500733000669846672262875376169144606320739558292531967809127582554321294231684099828572652605199617577255307409046339813037013807306354543598555619630260325042989452204638445690114062,0.00000000000000000000000102619914833310092759946715033911936870918593555198950691140703394138403829599551548424352630239160998348430950149365049787065073049895974421477825048823678444173285852243546353629981037133935302483256230246097091398967152895615223245266152320105410438368084352497367777111550875040604270834723628762643118231320744823579252597131873330022129737574448435192576998524317501269080910870100733532481412374866669219679917783703774703798831896343384982541004128180647420254990089503621027372589132489514351728153083011435300559779,0.0000000000000000000000422559698077240992474326634260163494937328875330698391311263622436508283143112907756585793748153535070196943076477429023586173051297568532146845054118390286271594617034361557357314384233874606484257839911581431463648835161349044631116066553389796888258942620069661893091875354093601155300764385081791554375905727130780054080089803088697212314780001667145055060135216191811351547262485654280235350230685981802850720503392636349713219794513732749669660685603512240198970527858645538579078915032985619139836116039770308629730769,0.0000000000000000000000000171742710557744308837737832403087724944768728974698391729268766603560694119223092250615330741888927092474018565796548092877153181041940526785342034039344327835897549098008879015449512291479876728685523750066436759330337432414620810010502773077814745965149130567729861365745201078915894554192616170485452183550897429235197323372453773719589399450994376246343685102184624941126519814672221483855190779082733659763207348377890476025071300657828030330803035714150039918099291969555719462447218549090941302494742910639529856261933,0.00000000000000000000000000000000895204278569536238866527608478149662571421258154698077358202818475092263085968394313277430612494811967515426227740272028407860029209843988727168418549498645879145098891466926724106497677737213549227048290168914399566673860962840269398289786675891511861183639284420853685557563644162225161146775360322590376427015062780629307920902638684386866677335284374073751663293429318034881506057174065231754436840625782869945163037519072297459184473316324047945339929341778406601370796884956029084923604315734496806675433561753248576844,0.000000000000000000000000788410769482098487351281833088866703746751807606260837003395929273519007339505859944578885501440620385647344907243094343960798542832737068019362173195415716016649864205570547556351120485350600941936597553025264626508391061523393734686538376968001293240033022504985440650402441253817431323036833239087600503752936464852828802467739091134325758664914415714751577696324572067931761248938964692056853221945543230140826686370530421258009535820941611225156437110122891888438288237091412854380405591646643536068051102522477657826702,0.0000000000000000000000000000291111961451795676250419061773777794481844977053118238479204320999121080251380569374047851446719694589368797072069832871144292456385454539487425820037001091650855630039705947173387282493788533569860322745416295963424566039761981813489510832328832161663954041575867438277287414731618166478949272164819957092347371236403603378751070315345426056031482397056016410418045953451636531343969386611255238095087327984620233099463372596315983745030863082581290071126613719526686587487711200927138268517271305405321115119248823017109321,0.0000000000000000000000000000130935472029855080978230823926389269540038393939485300674322972660825558811699093954428630029963096095065311490127044438064661730584089737494765586247741525352346595209088117731311406161055403448517604989015628991153043805389278452708797519273058272739287940091729495843630615928046369089958810381916891230829150246681348395047280884800132298737872364251884878916366449438408731799120351933189158410430379359954504521974448036305864876220887204821539912897891369108686313379573298859895158417130098968490014234274917851890357,0.000000000000000000000479588640595300424240242554282370595067939833072989783700535207697456667266490996529591974882384279164482401807106474456099802120016083968939619219471929932387671742862718397889465226937993931981424683631160575595226620325253627014723486655231393350717604839828529775822970389629329437202043738733225778153191542449960908783914438619915717986827673546711514187521002553851464887696095042743494046447588244872447814297848263929973524602812658671073620907014703406913427547626313773889453734217186000732672620573034510984013581,0.000000000000443265575073425308219139177433566746001686271984282144180695243249920716068486080284167715105878363480863287995824127455749095612796269375348180624634067527753428130722771983274708220279885925524861760318641503874755256494256165538429159425262819529859493395995532241389330781904240430043168055034672303615141041670585477642646384027699545930644386473885826627520714243758885216709945493568686834298093569479837252065865696144173144335033986147090590184407285779567526650280195102670047881811217402479994091993041294074577837,0.0000000000000000000000000000000148631660896366017859681876207411646849490010619105603248151396441163641357187985952558484002703546779728223610204932410674205073031984041127394648417742597249589191002178112167425547912091799693700362671978107450086212462063378017257142533315059832166590900346033626782540350678223862256443325514931120505527919826535302352274353467143799012953524051072645523540429969956943293802858959244076903109986059953929078745203489483401559630230230796211586696530788700900467548670260548626388703339461154152276351647181245626334445,0.00000000000000000000000268691436366696115489226975939401603159658714755885166610564313711143592165185626859606416356645150210379642673476538468082149450092101145404010411715536029075797785198692583117809254852486522591360839550679192488622194472885606672441627452319099301564542699153903918043661865779109102628737840276116428085959164871908919448546404731131761872556136936231998216976538897095482135010868976127963951339835526200582216923591009443219539603535392024075443778104608035500508497202797707981070536280842447627848445622236500313948321,0.0000000000000000000114361515029851692527434825674657128557682416249786557131542318249966404360655249352197835025788559442908803538006122355943322560623047399024697278669381305136136949503952539994162171651358915631088911777478445614540637218829120757145503856000713569057434630951254155106277726548042448358185863812431345630007760094665315077564816101752438906883168093716540301896421379409900265501946431656332097933124576520080508922409390081101063419621333007540513236036463194609792542064443514080586863151518874845488323067288410584968947,0.000000000000000000631854583618943407199088068420571173009406309702125634734937990329490605626856735532640514002064480656313854272879815355243869052358689593088339116724764127191964604574210209011402989712888522899485732136764885141250095072360327083730618645413409692857175991834101723635366637209012613921600235418235508412145502903557519305402675017427385243910041625047953752926576443381317131444539608197527889171176356144886366413589490127984570211744117490006518710305553950970700768512753447803031097677350984612616934541050177361353539,0.000000000000000000000000000386174835109110834853689874995277177545951917093558432807782681886760471412646581404960499418869195786893407989444407275991577504517941380368114948683499257112748515986278278398423902667649039035641367595045021545226196593326330276536520565235502623372610014996904110187633911605340993576090380662410209229383722784868691899419416582432458276169263400689741357521968011948490162537434904953107186951103825874450336955082589423291193661786205178521907548044510961972458602464653048270706381108018786550736385437119095597596113,0.000000419659558962587608640307187697183464312840306207504534324550421935694965870087783854828138452458333524689674843087930619111530928960486294061501529447192362567686708623473725969327927997448388156487347971310568543952720137149007181931585054673072606237476068006504166831676714609799010569375295428501399346204856611768327563156905590410263849695561487952995485694999783613906245880960184732357263260801096920485701091376604945434376190530871655298461665962595325756790558584502441570223003578958261428867836886431962981298115,0.999999580339997771193499258676017762041448517494861979768556873309748331679814534644906831178731722450733153096935399215082705874120758465305385165429264271989095677299187762902256325056449461190449995834177082617387015449819851652825537206596884932131504660406100901618181634935278698149972878870949806617759024598537563510060619123452359699534485597643778668476546313467807762331556528148210133195889494702738502448171151134179817793744860868439656554101974643742762458656208635066234867982843929996621636742149942097446052
-1.85,0.9000000000000006,0.973905489987651875413077851129888571644153783051350473244783883809808899082968688610865392326401625824161681234036551986800907570956015589676563257695054719303794836143896438824335443359296975355592131418526181657241554151753615649150172075732351618705014560261944722734719452378002706607450040289631614775532361394660703067640693691242512304486726062276715407810963633242048519102271327469754477046981298222325729294835877774968174670855512207018915882745452109474330739053826797831100128154395354654995205523722480392578956,0.000000000509566547862950376331180549319460987768944041282079015077192734189949389443679334377089501953473377862810212771847459676692923998717983309769732659294312159770386523971566487050452720615555895521561837137363980199131225665980844188852391575980825541363630995718835765347512394452712569789685374676304944178981750226094814685629484076507666425490723690938941158928453727019158668208737478369930624851391030484421689622505791683326071960414070909555216326902327284086427420771447471477827373965289253323338151027552093701191735,0.0000000000000000536255816062388286326456779032847503478753372793465330824848696723723202663251164488279369385436107414331909039284617893482254549092461715668629843748949349481399167112919150660817924135360998945882829447348942133864158730641189136891199295919759247491892796960653807574775888540207370668017261338094367905597057026291486357252691083200231790617611594866049804007357576036828909127413652631077558190334623080637943019353074288308670362783685348041674027436870515182818349964142021363123240108622307341378338225570698076531078,0.0000000000000000000268320758993005728352275661890248740839087485988243577162681600666432398646510430205248884106739364341768024637288994215176808062941728988869414493839287852932836173957710740582867799066751124886129138353987470499225926818352370499628742115734948186198441561128140963720778969873279904491359440973531465860954519044461237449733189662762097677705658992924121544387072968735934318932556918950747611730146934354326175322736423286989407962787521699619557360602010320517847536831158255825431320868599937078543146046194415936239604,0.000000000405549159525910496746330373026710170804776938321620416491916091496271347352656736054012092632815959772972835878440084487392127632317203532943075740912318902079818397578804066811062909173914053970507687536555306487348607686810052628876441833710001759825176914177070869584993090817709942695441276477034051900937710354496211683207238342477050509904550844020236542767076991290437249823422131287953660085310621708912198860652245008995705100253003211815680191077661017107260372336143982708754857643023860458886954345864060141545528,0.00000000017035740119429460578218188552724582967121304466070798119416094258314312004304472081439430286114924529754167728368524067233422557446224795016351766288819408154702827788905296725304223229553106197784147221042547579763409160172365473827003611189065495338109248674282466412179266342581439063067149128736488778550108014042017440838026510261479442258441702992328251103210529457031139808160241613446627010258289511383289994236557153960709131896949781242536944473414707747050492677112934793188431145149556222761327974093229592027386,0.00000000000000774563255316480654159327473581123531615258047839388836427622301492177804648304312258254325803636196776443498966842628279176106718781674927664612465359872233984199342034665576280322355371029498748758326387901075432107365229805444250630531346568673542451040903902537381508141420416361285671219238859721152037841265889879639766777404316178126325193698252186089160589996778689069247624284847078524029877428147998627293547047207496435027220336662829143328056706626885964637760094752609763384823422119388799346235966832318832481409,0.00000000000000428890253665323631225355352996624264829497607381736888184416822639312338120833111834777563653510117235134766981820489127810581266638478594518144062803412967487027254396589042126926439015610925896458390943246678819697947539242128699382049803008430966033828410114274614880583318726562132079477889738805086888273868802662070824083614941315398687635261846668626566971146346554079981218654648945828849992108056733634905036091420885791999438956779664812938401341294739326327676148410930335810686375750740528657432598540516940798434,0.000000193397014660093195242500256576273866536223272754726750915836722064860754788575151615678305972366271555850106118395496422988474521918636426380712711995702691114205553832012154586405400944166836843060864490761462411821966524071396427103928072776462980077742569748873884186355619230861020951276697765204369983133379190382314505081677995325948112370865400823053641824469278875385681736967109854058580625863384959287402746943382465694924435592860441321714563391854060982999949714386565834165593583138647863895968187115178692197579,0.000000562532924400929291582966305476044569324030411803961769951603405691504944814750519822627407604029403267978088874378880125655591726659431352622636448339940713314543746099969298735335571239108994484196012855748126944263554445559071472929796458105228159376034282812197166273750082919470637500707760514802734131325848565616164029895652380275769381447496466621497131174552495147246800428984211138218885005470003149670771980798504179710223274847614750978233624226465905714013033970703410174185814417225305165919866011578908841255315,0.0000000005468198929904245897949679805902976335452348923931040232719205412326110169809629871146772704178355359639370164069045155016460575459140067501860421157975356293052008433756904857905355638194365751597992577175072015982248554075540810753329492552484240030193572048790233236079714538544051668603346128543673156233102106726526741359253945990904615684613991091772251510362078186851029476629867308463616359329419579250867084493966519995195713623103626191782784366377266953267214839647907391679468599425549246326745722530938057663899,0.00000000164253678176859033593506362082908198517056143085431504664067706353536338900641714977661833951839386944846404762237937814520073806011179854599790214901778299143550065828900599374479882710633944752233634007957568739442761010144560613147970952056539223758029272550503407243141681515607190517273288832767760012878061816554591999835155138639093538854551987221490326602219363617982651034884090684361258804780197502150487980504189247047161642346589695724619859524448279206374103582085392294076200500588631834450568368158082802485031,0.0000000000000178671737582030521695304289044880127322169592147037913026216124293895586121501871206447436865673405974694476549822826712801352970893073851837192329364087932623301487937413085598437246448415454076262206859350273459350289901996471503023312546115985631647652773484648485467535927708193611233307790510331630507870432193934615946127488656380495623481485374717471209643185849253294255910138712110682709526289808026647584470227039370306972870075892852727436216900150897573756671022816779065177245662720462956768340662891430679097429,0.00000000000121530453925424435475441914683180768573891511451109640444735109529174961187858677098686444853040170912490545071009403032407673722624460250525550192751700735838679288969298719121896534527998794105022813345753055708102280326621306632489763281078687343518810328760866480228329543230480954483953071870106929008591063186217124618522184388978175440082822862012074023880429317544088184060724671285867006992386814738248595296992820062684843496040030258831554831331669375782488132631221724447546669355752903461761209037078891066543365,0.000021542381271800463663389359452688976614010462119576456096890976602550133242434794824301996081834568692152778532204420594059430838997820607344431544944491155186204910141347961835082614791523456421208082525262003344851210010609971490798847132352930369604377538605367956265353059496513959996346280261425590322539562210864637955898164869904084772286039717225131863648751802894793118011118044318057920675327558157291459102210442526124227304223621326019127058497002206171113619717095793491817302724376226563532714593726174617735123,0.993924695458461380549255593596963000285281116682827880065578958721642648287203550274478622219907561066653677435505096202865059645610069831711250838098531762235421951712008452635491525351201415293629854012405103412106121605057042909387882212607313665760627650947896853998148608078755447917366305377598524065131832437140727393393627462680175307738550508229482179835633140910795099210524100602108719394694041060460642118939249140081599603793590529703040396208341753854109791830100539874694996515115490968769939884581411194839052,0.00605300261353191643435983363420608557193819053753638681035710272903515626980075898934687119140549727769528678123108606515121206574960950560218967169352840388892237783504842280522350793793555222289567842962304320964607346122721094120102144457062280643725890921207581674616115859102181102353276534753634689516774307790191306047093980158108192807676701813701868438534360122428295172706791640550502324551873759131181391400887077870327608316938378483245766606318200478595786142501841122098961774832730794460888867797458600443977003
-1.85,0.9000000000000006,0.994040910965987382611628442266970307442326945782527485407059770022428289052879458586130482088402880017684243374395393530070893544655486487022122052544953990413335580278588671472075923803475240012326635146076426110203550699874978247241809570661942257262654575370075900761484343191352987186056108947982271024007437632160239232389993825490577294834381513017904111386283956546289084567405223804776228506140723009027716989030313529570599197758758742148030454954484516448290874820597810202619967640990665366851584946604216826999722,0.00000000000000589007588592586749524078103268830226800767013046925679725887461655160117083726427470333380301810628451470027465646470930020346397752320774595945763868416619186036779928210744690266513924525522416676368872408869541207502642755355030835889748902527720374473093128147843703662119876694773483784786923083928384945753313380703822276083999678781154125027058967884806442396786071612502672811321333060173818904706174354844495145536834118118194030774885398465320123848677872720671529523986063320004028915968712301713696241959954375885,0.0000000000000000220943759443274936189090337315319336596074524697724959824093522825207456877837428244508436422545481947642093329494533465718236421152502993232233830523572670526196363697900578480389149806333726868038811767595325038092955474908054484111842958931135276182735163861042714950010119672170024414670312969506365578676201656037035372940178066593893976745882151299457227251361143036941304179624267140348604459538803161871624187435351331689291170627143491725895140273460023476443308932134964134368513179804699954722678377627907277862433,0.00000000000000000000247292484599804560320972429083252328022326566236816379129019501783199990592134132943900628713781316654760279758499554092296885827750303664603486555397287044312387816457295331515260235259638205397949066823067422958592090178303178645597916248557280325793710264199879668897492837894195521273331182960273038444180125477846322026844106771004180037446465265007730580414336580767542902539467452941619203877765078170615810170421424338620290080877298436545840703615634761137397355176231551108348946589467942031209311948788934243257446,0.0000000000000046866996603736578463949764507206198379752117928914412025895420215725793671538306366585562717530112496338859371795801247915562938215410116719425222532079590169774450172557917705547379144384144576299492086482294129364806316459793371887915582330567832849280592985004874100157870431294214683680638398842901138490384714164593673356154238340962402905087256502530593624074128877481803509298523404543940766881618931154786264627118880518556429194930344365831175169067819531261806367665482002014557170926211322330211225744086578477708,0.000000000000785966828124053248894459862218393741895348868417400643752300508768426430685506130928709741157592492437436597033887791249004557640564022939845841763742254182424076822232675304759711684970889815034856227478953504675539784151161517468887019279616265001559951053617647859250667071117262432624862449530374149138839623405583626653530473270595385813685063872407072115756034240126965607430651840689549789895858244361849692718937725198119685887096757918320622132601276211275352174747142679414734080325844846707268078014119529594067089,0.00000000000000000799368483636931654340710292354740161742956608829359011911910563458816293896842596648429522722104696092698497606567957540226845521450244060236984902334516284146381685720320310738941557842838793955292677069165124245912695294493582178286162113497614563514524835476208503672116285808901023245034820540362209114738789367065210604808006447327756207277889115204869763736140366209958269641843251372614256149760891738743711087058680239498692823308182080930405397669510033914623099081377991125634164313107804184423618626315876091324653,0.000000000000000000990329215721584548798554441384438218352064756945131243964967134807929540606839843714591858687221807030342658100582733215473371063012244521699357435701073466435440745347741114012916160876265490046185860307221748699306291220758001651830695320209694615120182855060047926847676814595214643272382336410328485682852014939629039678322230640878592162312892509355146566270373737512326838530039205997165752568366595469000904954558659027532740164110281356618578195204581256294239957009883267385544913182120266838060692288805900022049059,0.00000000000999140269593497542774464098150362964084304927224730976265548463442718879636854814236336823319560156227696804328834479568953232694790982454690779662418968400830115126325508012298009396760788251174218406651662315700182109765967816204836887867509017765836039348622811925107922544034288001667347883731996498263711928980926747423340047323018388241250228193260184410533467802345445087414949245412569063160251724703892980773578276962312762602231272163953683300013118358247376682911473699245472936092009484646553481198333127179767778,0.00000023177023988361021124257923169178794331831485461988598837428375143775202995357635425474757369515623569307731604619178410658092994857452187274333653469384013229235036195569595175106964877970148719948588194131858390189804557156618932694999745558706433020932397725322126490736713015450044001867525524867553888903220994072408752451883765333531440111817093636340462159587321671452566368443135851939471828097354570161898025398317724723814730157039911281846411636438794560907280571177834742258496944875489232003231862865316698851922,0.0000000000000282501659222497607336162953787822380836637171298121937163291748837108040236322061441376950175176741527053727047199539018631074472804986693147837699751147539032020118525393813025610805976608953647061068205434834223080876957874249737402930534504646022596492502040939845143079777615413483055725337796930723786506600630359346095193050330366425395328693779231496724809067050622335924745622131132859214847823929849665063198062275377335394372309610809110769006098180589880441619681209787172224111399932169688595067281946954477324701,0.00000000000000424793993555056499402297886970937180958321301635856735360987404635085802511467245950857438472071375525352538874284560000347194120799843487415132505441286206926038607604900158220774859305647127239608777507288000822522721743429141853078574959787664844156994265596526318197776648683293141877387875650981588149841332433138107589922705495237316300785701662153675524659025547578937782930366002066887835588722927507535263423008346918960870723950093856025362805851923904653149914811713564386863973001375390397075780768851976520514811,0.00000000000000164669249148837705446049709416676341803891417069712362712135049626947588726970828055115267993969234354132807679591587427074095136897628434746649298021433170927127592443637722089028288842373289369608512086250488833462767010875443745778367519415236683062075616432741279676444943992751259976129027792312320623454784784912035998445412566601085413601139245298080032856203147334641827677168167238498357912813218656167316244847126586448757986423416769687943622728758902456907941877962513144250389834702377852207903922528507737441156,0.0000000000000250602297071286751462935688242050926905920401646910773491141944878542759824175357739336067963796034024172883468364151275959428274933353775321126265162225727244055578641344820123681017202479710876940850869242427503126430305067310526773793506910043676169211907504932746316490091474166904412445936173679513692790973317840812393837631831906586046899292597610442446680242466533474918690555636330949993240282343284690021765978813269542528590798396959720192996906831224983813249994157288829295294089989979315299041260087115808249862,0.0000000000557006943372235042869262251032130220094022615574547752189605506596191157831509815594595640487733941073905923885452287938492756416336867161789419969700177809670978860982079057647800792801529029595290774399076405173631835799711889905305158036274898024923490772183126834698124243209411694260691673759324262095090317437974169094992703453721961007705399069327764493514764206166892184742094022397127294623569942397212153934728236393523765084875473203172651788970320469415305637287740185443221789150946734255532797435493473343070512,0.00458560552583620400938094798106710022474283933801446239735403031727944720179111814946772208197377177399283023249370443844900323883255126361800802714532695196293932929129894040251285786654035613670014219179127334592278350613607121532556128613187708509597487780835816793437009544049871455359162287748027779459453936505415557854839958870810055376995728853071118921346920232843699727808773030438038386613226165802576052547802894942173517099400425946906310016286596802322382437427101526246485577019039807227039005125507345165043152,0.995414162635804074315523665723542020509083730405808543447270718682967240082082959543610631086384400670563286312747077450150176016096110785039697816593272935917992515770169729984561437958184928113331208669348077996036878685605218256423457842293290024311952908403818832168482176620051573115351385161538984706347092987200570253296470016983124904891305720136987680545685353379757226147910226774802348031706075933154217079820628806371763081265531846767926050350084656618571250004642533478113459466023187025466071503682221623181531
-1.85,0.9000000000000006,0.999997721425276100268803339508625213616211721209120878256335308201705269744956149822411987400644914664003081880264773632797264647347969006970694145830600518100158835121286696264409410029175274257398470439081820614322916348860902409903698122925898964297770605421378628502080260668088650048484413601139176482013722705486813780009036210541170185089883654725414995525899943125759331981823573475879563961884204409276242488984969883753404526739942099861493569809408472233610304033059435335507715691542604558119372923815697210485255,0.000000000000000000000000000000000000000000000000000141481447177533045966968023532446110527199800954847826636833668010556742909715834892763965723163405091816226794457409217732524745205142431987838026853261932568002405291818345225025963487661726141693561135002552322036398024151764735417893370981698626565127318301081711772951610076271924985482779395441269360617618845025718943291019592595438267251561851608600176986494880974969031196285787497769381837443408675636436565421322608446535306429698193861419504257837999607038431365547509312703054885101169383899293849600443737766425,0.000000000000000000000000000000463165453705254556911012856161155725977227215917560499499365862583204831359990838347607760779603431876850959222157833571977728385935242111948347286738995622124004314686192579226450852801129857088875170674082623146237424817023472532135467535697043164064367620142938786212983720672210940609231299233679024167504312700221949771910994600491607323036282893913536659307157052338748416351058342206815730742404786135697405833462379505524224169359486525911038346119932542234979859309599437551430193457058114578088392722877794529917468,0.0000000000000000000000000000000000000197083538005726350253233472746961641854054554462312337455034098299296334145771775188904983538437672451138004467810107663561297379886324287020026656266034860938287119560726978231513513116461222013529134525162031375940971295080385478035863016446502823266787007516115781565954861522107732086700334695447261831396996920125851551099230350643297187537658104880859121143100269464622810412675801591049207469567368444466572024375286151892000355945997249572134160471648048228904662071254724147872866166166875592378169549544628315956045,0.000000000000000000000000000000000000000000000000000112575977504895473976158278591100890503533775183733117504670881728345718341685582722483701274646105673548261789718534862630954883127161884979975341890884912649312398532691404770251228579281606301140483470315478800224404101795431658735379603036222362743574221553947321248148672966512107024109566438396568099872792636939881990516994473120307228676373543899059049607843388529825570496276225810840581184561590581455640325803053797579665289749144133242478731513119256956512425962230462841587761949609677162004606545891090147987191,0.00000000000000000000000000000000000090474165306192388484716209879735060394389262167352838976282188828713172434702911421125557537667878798918550909408191534167183593187226504384387222471903233717090417507087217356325506698551946443967183456576671362876577906196986247649723614428916925997188447441725963398185814542866204294071975006744727484672912109924865598854387251024509937633699636771918432530998492524335027325424195294932196057003146810474055407629158097748418947407186957278591824080905172608016253490319566495811195123573451865073386286266033956107308,0.00000000000000000000000000000000000000000000349748643840011598535716919432557251569501800365920892179267109700095483925568627119799478467823268790478289363417164276384689819839162818171352310912617829231708695712986457950490478499443071992490210079241650227334066390452767351318747489884502076219337841692159007761646152567237688240896835656240749365741774577827261709324955019659112191791997572853146203062858494356649299653106647525711000194567619033348513280134187815323792807658594522344633491208780658528449776281757024892991254422717852587278313805763305489690193,0.000000000000000000000000000000000000000000000000164693803165778885266977282774170089355006847638403340299004439615665088809251006420467067754515602750163684605796123260846057965836158213641723238468630987628903200409240931715957263523222536389938820889396296665153943533333899078767821297856241312422986819296245065723335507352175406820375364803115746941260896906819801499478210171667222542529336777658190093494887559266945029328542792137167279735126765575806521856825554081376612743463686798017872839178379840066256328949723101500144846326777879378052116830267447390880622,0.000000000000000000000000000000000000000000000631557329842604220523760409881399800869212847116875854984510048365665978785794533086833182316257191676842757284217554401908783055252289844859407741188545655719842827867825823819733282657612377546385542524432627524902099704297303436661083612410051171051067474456582596545223667849741311634002310939967051213971290347225133771191396981601196589356413292140498777706212206497002207167415549888129835184040234781109359018638086170338335881591876769341520587580312864218979075673727537012681267507499213799481999215316433146610816,0.00000000000000000000485861056141883217893327108404870443366000501296648280447494126848484910858084935676728561681768284841169871677093343811237364528528223143921347520689577175184593485026558516503313456182106572277753379162479924844154071864326235777419291057796656141062200239948388166281391610466919152792217453804423808012917440350283213956980229445664288750156592034152316105886867440399542497408119196431040540133514203805415971746077193194908549682994917815274594491827616196169908955295719527578876607372401181160346703390013038703917998,0.00000000000000000000000000000000000000000000000178569515216572261049261986641716208269267078492590924171995297938068099496610678603128355024831782631157350835896246731753276956680898518063920870285953247606749004927607164649348612580834296482488413405812736272378354352820259694440169593735179018078755267914679118186706994645808976638112741474506500249575323029856514971168666329082825101220006050540437939006308734911574823966031876535984681161080154901380622370478751341441565523339972587874531017481881814617829116755272415289415243145495979926450128260934894594271764,0.000000000000000000000000000000000000000000000000000000038774772400728338037760989340726448601057750250266516648773586614612093498006059634768059785463479491114898727942791156492723873018671825227132372469745442864333582607542274430580974647293038974450678051942896125516889157223631428227887336217521789079541903375817789085577749931982316663320324740722021738879937839053178747947464456082268780862451126113210184013744902133635894046961499344843631177441014564729480960971736874693935613435962662526459561884942065789757193750468762686467255351588204110371806716536231776841502,0.0000000000000000000000000000000131235683427740634352939972055509894989130392260098961400941205480984190940528121707149275900635452268866981319035341028955332033646021700373226960678982159598215400000959758014744974682072407904485742226877270663236144047095665020598771391047881927945524761205804384608449669449228172012195692394739991204643249262824604180442134788875741746860070974504532259104691549795945324303426812464973753811018744313065198435661404420728269538350445201723953762722442927932383683384231081582061413683247623450365699155980708563047974,0.0000000000000000000000000000000000759124711409062997037363645503762089482144768644557834349537566507064715853174513907265137938641197456971780827302389017674987724104585881963039493358651792315139885127497453861465548990076144992535828318882569805266235359886651896525300896523873492392490676106843613159684074346095439987824488254836041613113122515851511328572985855377946791862834747789768240111763295279996841949476106562734865945765523954221213926823119497110717505188016000211671879563464881656880089490920017126493831796445848023377719782220950365883038,0.000000000000000000000000000000000000000000000000000508543211972623076552360391591770379871612674948440419716927292379697865763190672140539684266862622278025511660117320464001546976451291151993633765404548268335008017571396951021157744557005872432612764036937046160093160255030461141998023001834486226460482128818986979622008689474872105272505524967679884577446802778280759816153362548338301570611841374543865459001751857569693965082290640281809459580449042794083845712327003590193986010157532552770112160413049120760232957661172599240336596287308734714192076575399268213015093,0.00000000000000000000000000527857941999571896007681787416109335395181220639780737206556623801781910786623800681775696615678057870526583251417261342542498683793941751686867739375117679802276561882124337406438219914003594092461689403407243970969239161446568180729623268184126409539128602108563106827111760893694854600828989132257171017334044027550690328571114818552324025328842722352760986349797021973792568426618769409717581267287840885518156989246683842792614293005606438146440243648569171212036635478600383398304157564493606045768075114036814798185953,0.99999999999999999999514138415952538015686343890863677620644783302824944644000997857564805534626955133494575966865962869480001312579698581216928735058190393213378991668592299868809623144229104103865709199186965049034312220728850983230390338966386428657646924879835478488965362829706929270881106894111281135749686266174753919559710341799166442474964661711297144504074876129164876025517793442364898470316688533669061731253767042788001374587166181922507707999257538016157922176893797323897398334600310374851452956719511690905511
-1.85,0.9000000000000006,0.966112120075904456599263855333853106017807200767668382606351581337795134180322854007669464929443007666421932677718249784161193681883944548002220707331055176926583337872735940159981592253073562448636581207864822928746429190572533114952300402085312574729067161497420855731597363988105698144107190650433349808619543349614179975982801331256540876618368713095827203781382616788861903491294349833580317684114543521706655846258706492988455879512406262751076891324079020469965492805628841471360698385861267248579411284682957388211357,0.00000000150367819417304380736811097759318385598057293885721651979053431386236833153841465112572449304312682734045854817246335239472540309038572635624483691400479679077955067602737828986057187335237198649567082903161498302546548263562951872922910950833471795716683725686547932912173742388047242707001293257613655439254184267041037077726978665157803827491897270550585274937007084108697021785208063418210177907397096335497428880943070805255976779491522751277750688795216919181837950081517270215006715758597517912684591696784850092364596,0.0000000000000000240336483050507312111257130518015957453045086589262908027962986968324637500296307223337350397271195662952520842015988354092835911497872630518107871684247003336196297908699938652447920629985001343298673911638409362036165976123160892329051304421829389937758538887402565547317138003172332591675491871569543373613711543408053977496655857726879590196831960010691109624056303471467991836711492520149643282627076230473625470292492988682611257209120284332500936766473285781432039064036363364639171291421213431830280586098420624280816,0.0000000000000000000157394710773833459136792402452864450454901437778187047554051958065668858514931856231633585797729432527851594755728559583894983280908520552827750460216687097417358640303061140459007902653320305094885305803822291825714002721735217110232246607942145555673422923202737996536222815952950927083157953167689061830719544582124926866173592337429848697545970037355617652655936772693643845118072343449510412577038503039938534489428804756695554028964919141441075162540490328412581309122221392727423061346198982936311595420531248489492463,0.00000000119646813019528767207789237562118257643254036341879474806033065540101210705299774096746377203973267543776143005516549886598526214670127069707775468611198986913235206283000410699887412220930049220696521604113773241189230235407183261554321509129213447806838787532173756520639443410457076491874574297420715388720008403450114853292565498719649213010795317926462940138249298534409586128902343309217757764184252405412223392770921652440482299741363069128635104662090676238202998182109535857342385729546055387236765530920641182176524,0.000000000171225947097088119780278684253208158333479421881260658856337168827897696268896206214563404028193274845888693907425027150084493143017362328784909409578206309809160567208899449464801228242328362114748673213471514583325302550265778478756852149211829764747744274467634389578207746667231920611367021321082362613456508156886587717873595997024969161750308206563427036281343024801648140665522917179948003319405050389847436514454976219266325818603247003583863218946806301407286959810782277649118152458925428616931345900464690265005228,0.000000000000010189517868996532487797879119035821696428282344971072417306132821373919026914175383819334607846692383602905906768329891605379208556229135539086207819711678675668101488999462994618156601113194451858294828273662757628210094317668669531719046862000936784911988311708538791751357530741091304574486859049601503776652891891450993133067658214296265609194386428669413866662759977770594725060438716334285171382008217832693519365878178111281919805869217757090496436071032204052657509372185849415640345934004177282225951539433817140919,0.00000000000000738630877317399557099802468399093441364194290727011998827862573079892127333121244067029719596998966144236694198275314183190943433300673617331655456337979246042434934610547530702984640623980320315483916965884247682478474799017120804267054137597829738310834157968243165985631491007693811414228766340823415387831284298673573334706417321581208210062269940101742775745154646955001563407829653932376762755939860460113574700602735333218164721007038864817163170710703778812568142556454724750804478173301360493409335757165802501832067,0.000000436029210130770940719897321024023756257585646342755942819401206591077208307068448175210641873756948606188936278386020990857824039640269982664270625376022971538359492753883584056342616834422042324286040930055662129976527103497167338781906339905045176232855707130972193137257201859494319960947885555013764921820626985362919665154653020050904090698175161932591852076672932893645483267137440122632570047802380948450745326391770141428902453541358789510910122227859798611599830251679618403975460335800201705777427099009693277423669,0.000000252113227681818450657152581103259750571142989379866687983885579024960312651202589326338438136775019508303372000445230402470161172398433655415772407632727606841317170012663311912422575875123004995592325134339481297369278317736822778655590360357085692097139203283175515511884330585243579985188644222665935768335426283706949785705733670742417806795611667408627762510474784231723277959944375203231826496737701621572627885286642150661262215616852241523009312742086347611256465004990653119741089019810956492409718693163440118093227,0.00000000123284967166355445509371915218634731147504256229393118202829089065781490692922605915310203758140868517447502237035797557533548958068287850212678062473197501367089560662960056470469358439023724284188710378666620802570205621204177489696695318140387242349404172319006253002668984128552710837003355749019245300304252716364778261797828151872313556202865474333592550748634416745900233789657036203556394605917227971752715597708500953808923760016615923746304382273586378786570148668706497563185776224833015312637935855176785421419995,0.00000000634391374833770602268321489310818263697351971952832472402953546607876911334383708270271653579411651503533391710652038054225450640064938858110561124218332008007963448978129051325210095824702946970489705975613806143680611059199826561768446612995496519812187018497628590282294862463741357396655749076254484720751823771048305815632070078788696059202278486367998229990071942317430554781931300055217187621182054123563718784856642112964312222883444957574119857570005852563013936131721259385721603229759509115300189030105500830016761,0.00000000000001048073453791736440367025223513035348442796752925540705738764757257888627099236036388810009878780842969479988137766472601030286226027018068945954463373321238707915579017069134724525339229720929503631173312318374924643390458868904922255639899118707473725671540782659020290144254146292807557984576787443344504906782971643166914434531596846595352116450133990993715153405865882298873691900262141291439394271022303345230897632626296286348332448123784725633396353481442559705278594687399897174997803828995359403859701849988739242,0.000000000000933266156199131955724467429724692702251534658223119330942117652094811852805742337398998793563530900911187479724758065937984962588563682412311494973555884327830904075696267902626858443874708166579995135577994407294541134452604382643037831996686456950456662167941136098516125670662205478783925349108985341108022848401351487880289697317944337202244643026883446875899964200489378426154837708746738157339701326323391143068159576772074078541895768369861215178248775603699216458865930261442562897100306360771171945476750222451968482,0.0000832024038907407825861503184606935591314766090214543872214157799145953686090598052220307699018353980133117616566474955879755402965657970978016522941644640436220006764272514388796271835048827306503011242299766439947405681706941226083434878607461165414581497694907771779328980965237047132480724511207893034800362269028426699595739582007360420482428395004784238215055504280356696537744516793982815582010244716907294577014951931331939971531457273491902210664139961931104432369368290365201923714361627168533127256149355655906900507,0.998992096204620739788871712131977040190135095261133366491563323100722807627955703025083719896957421223840161014896737128012735853204706482503596232754281562643210077561360487712764915268635675718212822136676917721546241369411642409369579421405674494672388557244566417870041346148686144855123086919793809958297503161332489456585357443274918180765808160752598648423125476451688282279850301342848060496229706708701403792927247875721861300039212554277313799001065017259565113159631693624717514636767856754556033802101349295352314,0.000924002457495747943227740386050228338695482373100441398018288160761395081187436625006733899203850272248887448117826670540995678401456018131474209741086997446104897187670595210050496312422672448960727912841096734186588436746056549965762730761466130966076070449014954347389817462988224786074036245860612899096005216557785614854632692021782423356146689242884274363767445541041241493633100160968543028932074054665805300691931795394811579863856315749610727419206535044298412872237301529421667348945075769529129264151979348905482644
-1.85,0.9000000000000006,0.978699505671626732958669628941083495284160172870072536482587577262219622087392649077565579001759199406599752728359692663998327268603789259899766599036427662665824300827699367474447270950348782789478368317011157413975570770223341882592553852937248726072226756897388327043773881315290093680873280454048303290899762022145915902087438672982833785500733000669846672262875376169144606320739558292531967809127582554321294231684099828572652605199617577255307409046339813037013807306354543598555619630260325042989452204638445690114062,0.000000000217412903103116765508637715374539403265683010647394713922920390234446326542890873674930882159966974131190961852900510642458910105833612967988970049281584407817621186645974820512436307233966673588678673614614303481774320028707061016794638882648922956695487606842126263449333618832897489817676684735506593241449277147301062728259476577966930890630885227671347693607712474250342133440478344315472298962784127305305804625057755283890578223877887497412933832296741397130662766888827439521636245237084906763507082387432713472606005,0.0000000000000000981272531863973133713827133535374442346394684212768035745554352465957746789149046042624456359780632357794377996599157621251423221865216162294119563642743158990969574805877329371733110176289139804091073099057852231223241340638364723932643360065810783930312254586728771946946665751453817833179499754659646199118054357206288162855459928769147398092726657399124900780993290015768454065020973623179491008947419171643152824600510604551445140280442378872162811632225160767557506056380609180409970193545733600482909525099955484505282,0.0000000000000000000398822711169615151952070490566557123338699632614930620118921869562849648049507231227943366871683436764017508246250648430891616532686450908218827560992109290842105574862826991545256218475626734983954632671514342553514593341625557153959222448956744737041343312431418435898760989738404471881790944408712428069808809757394950025158589555027594087468421164321923017461205467064029577613813316890701219049420094542067015162747574609070345237026204693961143441572892534904805833813371116570354423114852674470645455681029058947333466,0.000000000173032591117561496395467226344596590959997085773793548453498659253116408578761335792079488746926114194268986119050318623697683776481280485489274218839531828960864007079505270800271880576676854134279365663030439974553475373105819844266436030032344945963659789814986457263719498335635445863941474418415698332007870874757922111044501649990125560084768696200265702374613310964787005955101229024856383563433600609412587087009569027414398527326543620973081736764220409894092337227195748611710834523322259850808615732742985971565416,0.000000000167034512267228910358423541838114642175295739303638466194878762651787548046611829520918758192700778500447465561424804216671126001149475658543160333491418212885909524071904815720278312491247661465533903806325394063480406703587693784298549059722394430179605118138751484358824308235276739881085783810024040662268935022556214688988395020456302074972076749972555283234026660455977072125140510756423149162740551803344887876673017360707786474459139413303734567683673643070158027327555851076514929715168870645978805466564188445377693,0.00000000000000616756472367810824740295615517599330940484485153108549570577534207236294225532810639254281796448147799189021818680766738833918687831521495033342535371718052122449188800848621443600497888966553089585829747424841971255885172877523375735231094059022667387782751831102848606315234153451092674831395784129684845846568310374597268611488426479923470282483150424531384833288259880460295461095011412003090011654092151855965510225282921610948377601280075852105198746695690053110887674683652147394630889236204498372926914227785032123401,0.00000000000000277402891431239252455417110720290557428521381298144736346059879078883242925998254963237438998252958521225900513766262076492926451784758060667575757859211346925900962819767318962204633782813237196152751802592211938073089675205694153350875054445690008669127710785661179856777782400929210167465466036906556825129964950588986153882466237902573041470649505653778769268728599211885381408102473832383872834304098132360775195936069795249717970997925783583995848297786350519233183368366131055802130604480834254237127722735788408809348,0.000000101606748374786450953151258541514067624034608165340269584307008796645213961608555901722635103363477402257952513939884472363378855806190547078964442220771631146423050736348774889527535745392435679354670908730528107712236448201297738789042149230319820557164386338609659937815873826130859748328334864707992724606617737679091739050160931588207584316124854853832488833234854524833814310450589704234554784276276821991653179207896611820490834208884181049384110196398320957492088878995171089776816918939297820393722378519769849016145,0.00000102935593507768024936220965671382245052497706646357379562690151356706856309837375359764176798773933708365884604291156622160491180510223583580232719809740578323680507790278910024815776932861197615785368970321725933146845997739858269734183075877072529603340836207324822608312186417633200476052063535993740023829074231396827587697320857357558374849169482007471715476134220447694668400907041710157035163100383318759099499453036569631979524980519590139398893290903231000894817284532848138919112469087217991706555617413829635295344,0.000000000287287740046332968915842506117251970445495287817807310478754246583513153666803744346323339720446211555168568031351225676414175730426585501129918371013917494960696018089917926473490718902552792069494334026825991450223490161284859078125228965341047442011879792631556046372286535516542185277224575608657197842313580828121711107265648847735298488770408765574409541943679393390097766134826692854921057323487748762352005360758513042764896566948254302904662923839867606669902089107172020434289668465309396795887950923252932852007601,0.000000000569255834155767611156409719876969541050504979354813145267458107505427187732053663145804278197814414573476356326227907360706923449795598105372101351951726096848402991177416388821665338384736203184265265078132575792898055051185003141190206994951963756041040116404104652970464172013770521507745212558460573715902648130582261382923776814810742421186159394285768299128154555232621018715532244599920719830884192170666322011081586483000637462944047398762073703404792580392562955583706789860363320191403765502307114374711922567871866,0.0000000000000265571501285552128747552691854941546889019347768486136216614958527232275370639692725556817633402088415696721497855957426113501639293792360842791523428469659927594412011460015688176239660686098710621624490840439390088061586127369494897777565340000709209479517282956398825244879033263926718415449797346359328617249875056052648732572046485710310323407246393577641994796024884072743593164148410516513072436915045976276701573297430966077494449658979203962483567606835887858112767008745885360233693214633356554180819462649681927703,0.00000000000146729929488988287149778198448507453459977714438404466991660904059703301418244785823364553597283589022727731667149549716065495390092841549540198470358442441200222741369164646317634237366380778575199104268156737438156400911790504756248961535655299013659022523969799637788975355940531400491673456986617467509601016381405508312127815989429561347228263419430727608393521005433275960946932542382989603355841189407072029361909159333077308639384053944337709256460310599103552042572593628558489522476534023779245782995983210479158844,0.00000746431110116015521490218713476820788748881880802139778910284061339263000595873073864711542048156022635351830504062394313749274786573439117626742090910547319185598308937542358060696160935189635492752180413494283920177768148933386127159889691558000021091041289094943258679783732644385467650755490312511989416961496734845686132977213506700019386240916995848814312499287162523574037742219304796045637070879983240909135847727447946290552070410874420957620158960169828254007521876906616805910686459001776051031097964549796815538521,0.974537798606769593276702627225928404912890775964327150514370514625579368971258253096929091281294796656592945295168783631114927128345479385620852815338875322293376017270842627381551272029579699272797244597033263349164066757926001195696287360250599614077097884675089610485038060540776178123505311778955976295600224352188759632248279341856737954639648230754969004809183361290530280323613585420224846426254651526435520341810597191373842481437183034219983615609119996030068692950819283997259643523953768321017750698838047447186548,0.0254536043698444137245619721732219692732555497395800360511915334419924462122345505144005720417492728495576864380854416432965740127997052609432029449616427069727579981255152639784426270830753301633241449915915429688964485272311195669466707512557899191878279849842123299497480204411979214812312343393103213758366920020100921853560064676516419702721512241998491136535067711431261987418014234590465032581599111698448486936807183162565204892689810817696389726118361401333943028259446421098980785603788989061026228777975155124396768
-1.85,0.9000000000000006,0.606035156689718061762010933962656200662109007356315165740258039561929032167512414042252339842807467439552800566472900083104656143749940235272520091823250095844906361972062475133023009268601712792154245965700352564095674535952588105605897363441753100294989096354289721796852321737818978580515734623904276278665024006088622120181726234658929136618150288062487785396641029537801471973535469679200498396784999426638799032334177101293678175030989655829728131794657563827407966763108381669074491851941818819684406476422853829060488,0.00000000000000198336607521117086565509255426822846094904790966638490730573570076913595085524678027821822887594187364257735825351155128249210888168687380255166397543451090561083836125507344654335407171432053034538559534730809561519082791351851134855909996054208135150112419753422305086120129454444050561529390176140977977469617855677668702073870512470477063202353327803794834871327661941072954571830284206778814380988932605643715809173326018732682893247013875661155761432252724907217739819348850468594009009674436764088080994910553489649687,0.00000000000000000000343375970290193942682547678518238975700171424800182704672839985740080869795714238743069692866352726915226997561585680671343804941187778327019874732941681893247282340548497610435811174926568811214117680335066786653025175004033485289984965439762971423259274718047130195786712601334081059767113191841039330783163939613366981735247282340576011488628091468512361130748639243587032214335367169402627917400295213000676495760553095440342731407573878941972197076316372488378209552578479869246627274051522087047346913111138795119844629,0.0000000000000000000000416849682238654239803209205297934650143832484920860825480482124553588023277448711266024917397168476754885681865226301595538246290251057441587918328326173359973475329791744291763804033299049992971945659264151584302261676423794607924938303848214266199969658827213036113951255281652020924764989450047308195820523263699487506067938731848104224528125108118024882710878244077149468347720170544243353258120615247744102379794154298591940714911796073475130519495312178743278380672658033458692087417118376740977625039282964805351301823,0.0000000000000000000000114108137357612942199696905820303015451399940116479694245786754220742854227055710293879576059062423487884954361417905188028078228374205111710250900198839247062639637637391513255359513313172029110521918789049061236256348831563637854144658847573433122360513457793917185067877717375986196010590999982888988748123672347899060208456002350793467099316503495062155563783030510185729097950271036724689384118533521234609015951447844421862420223337168412812156843610970068285946632806739996605079897144879308074679540184429714204912373,0.00000000000000000000191361122498206729022867735656756104456732159432936639275664198372260070163075055446984020752745387757971421796921714817767757931496805672141831053879306164230138099513828527893512331020141038251685531023241536914031923285186749439445105562033899260609748691135149033156602637016728126441713729310268618575506633334245509929955486167671141879230193345763382459829648849808972348755722941554575131391452345801868985527813412107516023763013885151836831655769149474900039623262853540909138278137968054113667233386576880885479625,0.00000000000000000000000211094496538459194172074034352232000219295978797048389139950706920132749312611188841148176270973076460074972859614223224875224141207270697361311450976295011562942565179840274717844733020656844908073187576692884032154895655364219852979229442435058349364157950388415134317922454474012660563099284786667395158663901681861890127222229450433128210482327824314585778307318658913710783516951131862780414685186477181859172316826205472944951099763077156900653688936933809333000372065377960035712956641157785811894071846222062367488668,0.000000000000000000000028359169896696929888663640756475071510764164869729063784826423721930021118714662161939126014109251010917354728394608294591430278824435811138177890887596853296747397867088637959998893851209088047593150620067351171993447252510471221692831174188668761205670268732786635143899344129034702395375077383644621863086675281397974276463978935728518759882552984577584087367793219861399549639926824365178055136318395733468036964997026321653332094042073567772165912235570216788254668996313738305756251635647017922987854902527400666321874,0.0000000000000310259022554576411402894528766621646846637139004381645782359662045082067212509984824503888057724965174616256026262588072366084799784153528008328312361185310601178246729277751843820473705810046484046239046918625134809878996853169225954923154829977152586417751051994950490861062404162051524968303111321630993487125430563295307074552601253828541817936937365690723753251007327600289702302197680728945294125250498746564330359598391415727884870550600939081642567669193447812300058974357144430318777705315696717175028108065952273934,0.0000000000360201759963525626828041974775934531467454087480585006117148561325702468327227503183209521073797495121804733972683030086448160285654852723326640878239448905568275445775168990548102306149661761218226958932598786260202954664187628519101529200954008241030349226907167708354499470487879979729601642637442035377398747885178299473114767745030605052175917592257250248067074320232317857850945384737019702023197478483775726581213378745221630609970642912787803432255301570405701947996268918347946616356599505489091336722212275429463888,0.000000000000000000000000634287951833511244852210919455826745491155441006671791660046313330376094553556619107362653966885036416916832668416832355110585880400864817607693209779253867265158765362011703159768295578794597824265695080742095066993714108033495824802617236903368496751155508607779428720294308243508390463401559787527772532522302096330848498716214084264160756227816011329745219202617913360254983707404658333873537513351503960246297947491845859158937736757679927661338962634871530409919341750134221958570709552702248478969402901878722135477811,0.000000000000155111640598706640146108132994224621640514710054812821533849231298260472086246284092441309667811607637990306170714026551272315123204568503715815341848563590480664135266389529807917894902025321188652917253299959134805562985395225717481694398858099855711469000280014367749678201083547732364469619315506964995133152471584573448016795940925999863894364425993497809958848919211355264786760783639262486984319271179921535717284599764310154042534545304239820814383441842277655098848935354884271427566130431742767592968991041842299967,0.0000000000000000277575456016204046276560035272937192600150311482466513694862017102244506077479099328071160565919468477075447591277824775653759826427967875362014138483840348708677767344506216205111695222893316365269822373669990560607513023983931434092968275170779987388419609851196047051263076183690443540762887788545013132787345705473588470339249713148457956221569660272466601050830203478414294035664026334516054462325649583187614575659413107308507259754067143424109859736758763987897567097720020900345849503095963715321602525842674147011905,0.0000000000000458076104990599274964929629230743501897926812754074374455800480682877985922161345791533109276925120009466095316271838421500004297026724731890107143135886534674462464386943157127255945256487721398679532896816084882457915285503887445606038824427096099559921392764559741086896488683104963351916242981329424308741766372216726091628523559865438602437434860379294442683326576456247514136883292181956309790520917173379958481392324465293696789958877637819223650230057720979047933376691396827274009797881026187700808059390210939421865,0.0000000000000000147092489491983406585862261679958074045611756305552175736519057237397192700824163842775695083073548061331368343448532090645592865837402387696172526190280481594685509540300876362145143499955495186246138154523880093245060141159102612214146939766386495210493136886807281617787867088531828222744611357119501622137526296639266692728441349489911972745208119138303942311238988517316289848983181296824586455463262897532036523201692501442125277517838611590974543341300145000424126081905758461490533313741387655161170037992737979566158,0.90893602374452282088301926081658828285619443190809286780816166338004346182793156254789519752169189755245441179199491225293865347765334395413136125709193903230348243998390988041555149493763688983565155359125889011368140433948036411097837412021590861273940658556491930533871443245734534000247202825824052082685747560600296103196574605228646984737592436144495839936954092807702784099540165438356385255918100084633521189657906393583340394890542577946696999621649321359610437698201982348542571790955115615623472867150208948022236,0.0910639762192230298760525226157988857541092094331843659763231688945282906416779774602383499884286280629815680681902461798925273730151627760482691231521885747839410800508039085338699286413915430959371624735001056180016910381174105059307654513986300103281134268537660806892059000351549772071466920587863477524767797555167577334206579501432353418355092411399137397317747781009054313244555100815536955330208300494068372261401224544552952033548505562002695565697945080507641739155895274508805377025074303578416655701975568150925995
-1.85,0.9000000000000006,0.999977135918948923195645002047533399856037375384747791715917678767225136906899867398436015555600078263819854073135389837811993524081674118777090968736622650951003954337048296630843834377801489758228690817201682723714682274342923962674405124219750306477781423503447666579293010616201923526456753453812420884886247162312473915261169947819494679704369230642741342876754376076587588533313327169345485598145244566819714163395692833267937540615838280549726106642770053362639937528452183819050599550070049142897140299627664111695196,0.000000000000148196146161725349890069074224275264174718072814918993959057434263830421773994115901390105952673353257094490031278133929834642826233048874172196767863973476356710705252979439992292833193965963183221454428641335284037944600348450542490919745333046591749675718158558337110442017021697891749763437177582405268683329277010213252413862035176367678287737776423585245984909429604213820943175999604033773662902422460204702539671301084185860784487656353501400639659005223996729824623357773712730699572226271641159378145906966440630215,0.00000000000000729457337984042954100345625842271314145081290393579621181494361436757872924286479522972172425198034131829171620477962209672264595672896970798220138722637114262254195786542329343657647981728811716438378201169310505087489016203183917399602915975236136436011674344124935628665053393432433266474734975565982551790306920546917930585627463072760481502117958560331737482058966432385883992338622531685390923221101008831659497606619402098015982696607564310362448113519452828024148899586484257954470472525789586589518557352320249956943,0.00000000000000000000311468050243479644899801170679934612817766852910549668838620759877635542344035009536427534607650296314299451757836094875249764266794123406024743301183032608932138172668258443857738458921419609201278655361140250228149608713552107852087323568301687372175521128490231092452716133789547774337397358427888904747172042723357282659446576557060544830160928070534044705305390109019503031553209102272399378567225214939443699721146232941456441669158420410635718324700109262770823351078999994046518301300796362041741709489443188967697513,0.000557101745323879796177754821360429767366048778477556396055337545873234022783295123474382890473188630097355548014509669145918644241628312668914469188403807479358197281928164983923617543756016395718053406835651684654964400892751297790810626660574141905753660538073270999934172031210647085216580820113525328216128726728512420280627431005399590912841065522891081134068590297920694989129982658709448724888999271552524700971096642367978268446529750441399466374883454293287421991573004429036392153426305913485795260435944055253946758,0.0934268298471838390884048113834289451305014332926770853827218850445020796005390256188217165046742051561474622878693907523188691265107365305612724926353810563717177856192227693546928593846465524542563299110020927921126333554973384872625471320779256634049676305142686785377322627589189410341685759027166351357502018346372441677722746648716719412995409899891123814834263026788044064954512925273481033183528890976035086869808670044715381392944520426580302721912243785202386658809340618814762187810298181671070515078156855285757146,0.00000000362492349758255566643562863310710738212073213279580231754765516086453552769675183814467645888070044454136621861772660188074997500989988912538659117596296114681916178362473273841304336896887569058983180328485957279590621579731608643128310472141983234430108965179762499489647694354095273499317337253637765888733748554731455105600598012959705754851169679505825336763888164778694887267043321707420659751713120614690396872387534627325186438921254744690001916290072148140228994914417566169601229946918930679441260927924400135298796,0.00000000000171285058592939311931110792012794504194797452350023687805825882450355733509818165737470682085877677147343959120566659029653223000595322016302907209587314470602596455591355233293635109628599535927221741753942304507608302282258351583096396094029207045502825531728875469003287827428240616635615342523451802087837226434338337604576899222003069965509264170550659777578084342521707545764728468227015419297590646525195684728628731925721171336088818192164642878092741447813334543037624451946291320992353513915621227151300935893135609,0.0000000659104713958068036027171525052224487520354500876821362617998418654866027797357263636239764706359552207659621011822313840644539747080216731401509665094175725438455799631197915358562643458403562748556032602493488826343427247675376104638873720432273660372701934530129503925755462428066713341316826766111742518615315731196781551228761434332774509150913296966472143716585684468887272376531429111504681443131466863135649290255787116757353194009214057066656174897236128994978034455281733700131693659526617636371310929438463050456143,0.0000765201527463043206706216122800700650415423097711818824085408628486807658772564332536671763565340441162066411986226115466608088811893303686238130670878469775710168348717450353446379930223920946135853783387054818142914218012802806230445872560123625647241033479996121108649880699611740849423874034986634901805356958704231517813823262994537830156744907536577675297481652880701858180090372499269046930436046239522387734784751695316117634822158176767451372092141957478047795148692377510799300326287894889566440843593850032453265292,0.880441151862066239754520326414328619394782259817132395806723726251116681100849755711985472274738218744233764047696195244996589075225990143031636551230636458994315536574556180621407506473869414589351120291722735455880614926073858963317866277228499458207368485050027135121367675687761040199994056881700468729428487267693835048767570144367611933410273068752035024686644267565791605038018126377192010942207230677477624427124407366346299676759030429790086341075387853815634352962033078788836281662980132388237406476198816076343193,0.000000000000000407645312246116347109041053344893496544749069272889794169265988398312557783420023129285344692822510736440365557271305566659956483607744156034244415405451450212585177501315267428735739638487359194502734284481352822479718546260378927022561314398696497859354070557177213667637774099572024368809393188991707401232025578633589404737348164690097166436914451776646410636364126446639652898395785092373504626102327468419065545576795917134150708678874085481404783200031286721304394471636929488362993982860274782640947919152263110037207,0.00000000000000207403027433073308308225578857349528894551938706136423253681614457058341051027183417192163198929430774641433511784137936627739374770005882216508578647484559899474138890202803903692384617740836752171182872825324593255519178202947826321791794004950954305400339670770969919370560083553218276774401149844803783688323544728402367992201210758723880443108435724197174474783506355520898849914023981898248236287379791189201800361601088769243851133879636968993730274224341508031868837149944391440121180775596820823058118627384826540803,0.000000000000000120385920831356617950137751850584004994286302102312759721529819214743757728692100604547145131962862261042404830076646626112754382337167830218616730660139720151503546274890819859800982740157954353734227252219483177878078971866109400642871769611518977034532908689309798705282175010401512724096423250292412499598967852570494672058331925073865641752314755211490170044476297738974807549152484959176113509015197298333711937064997868481869248448352565575602496702480469308530769789189574822494402916540365185798655944032854505786637,0.0252587836358046361350077871605812563591420668522947346202229027387456341994986923662511410905230965987353560291040316733729666219717392389511767342403442769128401563043886819507291144388533480376034744690040386383387209164470203617520549213728805441425348575735158237153815249263183470715704522069492682492236172833844354114522852113386918027079990977363167335420577211323785475713535948461834472019516617226326025330453011779925277855249625789377800438786141485543641802622428266166829089973926000989259919616915313495345167,0.0000000840185938607920356420418119129532859704521916617532167067624867397946399737691428312510920055268134421625714949188438748804916434678940026983770473841131523246986263845009363327004495480398938509130639175248492044310552451078236801866458678156551313902201754896791581168573752631744368425599505176640402014026376094613448519273629048876863943448491157510538713211852958620278015432683391196214916529569921726658807193537983019008041662863079736511189674230358116066779190717785844975767527852918460828100672982545639851780923,0.00023932312801910706546667671341110704196435110287544058454204505026354855107347295964637920632973404165112071819163864886623767721410635422314331523468906320080054103512928305012442995883453769237786799479506032587941912942512573993533167325859698476068201788789278022701747880899142593927900466999842594000702047476817028777807913772777850208618658603783086470390931693730624904950820461441488164112904472928720382239050049394214071988566312561125118858332955891063777794350286480966685222196314732333601642654022996996862305
-1.85,0.9000000000000006,0.978699505671626732958669628941083495284160172870072536482587577262219622087392649077565579001759199406599752728359692663998327268603789259899766599036427662665824300827699367474447270950348782789478368317011157413975570770223341882592553852937248726072226756897388327043773881315290093680873280454048303290899762022145915902087438672982833785500733000669846672262875376169144606320739558292531967809127582554321294231684099828572652605199617577255307409046339813037013807306354543598555619630260325042989452204638445690114062,0.000000000000487627822215165006249487078706458565488172564701460509823404052374723074699597122927845666317466854043260938975645871722746231738425828085567631070704863089454077872344429975787717372704048718231153828830385397417626514445688607672526256551848760185923145829194608538256142946705778380000883919464672354913090632046400324750887947236901108472589902037036691092601795754217533722511685401449803413455736699413070397132567656310446331388252455512972655008805545066521515418919013441031926325683922907312866720245128119628441872,0.0000000000000000252215164235959161936299650909759637156386225302196059595635162064088485473340958955850266602204970653680034745341025172131179300510723224133550117253369201572222151908357072909373511674748382128931581225971724028899118751012422144272159331496951487537238001848802427545511131543217919402601449427117171197062623286774264127307039288577150276944833457021442805263592225486029386439481944744342691906195551042587413364353182011990433379456982075885579873080416110810118269337277174895978952547119189682359999979136768651853286,0.0000000000000000000102486124614931050894222641484708113286036634845190312056513299174367851350206105674042393678361691317975402603389859728157420648133827442305707110709747302027835173564790231382376708631251863772677635291273751043589528092362184574975668994320713946349582504076306941039398257234124964983237980081320386467820321938236498900755234556093606787639842252841908420466811982356870185886935774308703339376691888017298402721057185433465337998841295866827321201319253980505140849052190280385688317749003046617263123781086180972767089,0.00000000000000223394399616517953941226592611932945306777241317308795240751346000397517647494829229915204549902045069541311021610333155815841478484969537658747784395837631475099579855308171355293269578615078625128590424281336169073231852386622622776328381365913493516666033241890824809299659518158255901072153825590993766370786350384034125580562445094201409422018601314207130992656109095506294220600274535321130252512732358288793529539580663694001532209763280372744583138428071618849903807262621957007661721614365144300048352379597933809329,0.000000000000374635885401014404274624577039843447365782482615132285219479025278725960740354806937864191595659704740467770827384761175416506634452314734226742475731003094519620837415153978831916489910535381647473330650629235923412685964149362194014214475703678795392177072355604701104838077423870444563026679801750997296825220474747120829774822808045385771047389401194137399743085878958174216151624930444688842316209503128932433444465123440274874458055285772239451004444412588178686333750586493054134518827204778009526240701740271027461595,0.0000000000000000138330159417990722314389789620887757531035009010306999154480874534155658313412411351322419241605325953919528080196373834700116148932903843538016505253074457076817425750208483373412181028744317295784625584969053680266387997544032195289254951045897152204287883103982827603999519385449841198272485629711603602064626703624252129461349960080191025910971390585826902853868170290473749460377340836078341108217758494726223801139677775783323914044027286467404828287258638033712485472056750234028343764187853265526246194129304472521019,0.000000000000000006221772760223356339928913301280783605454744636088619071336709929363810997747291562169483991297779628699769413118816880206812569986695930635146298452426293292625712832867558099996872847576516991705212980432627544938952061289639318604852107202105881073293747101984991675542713815257834225067162959048355196636307429990862359738447253196278753338387863443039226952917749399183246346825827970530904234940447885108336070670627702097172264061365270094683491740602379061836041052159145439477439352341396386137828181615658673324477,0.000000000227890234320002887509846938712940889987780501772962810449588938117403926700283197063877144422221050842876908581513600225930807994622968829654274852311734621496114702319200187951556593042392643634004844863604466706331758755797125698821139074297350303441069419711608558623057102421852461874309030036156824811058573544959353824386549194614320087705734693772400835364841268967173032151674861490984624468538645928710461790644369800558707019588986526378940948260176312006444564695029451212325193071058643860332307032014679095687235,0.000000264573976945749878171802947637652404696539500905869286316943261711883342516993408983901581660409179193472535472451814113688145354131237966314659991733658861846256999850954375194670648692921986576774324790604194594079127415900950925958435939275428456243512998588006514381608535164623798521838420786086804762061933913752769477233784517879896074057678056979861238998091067774760693718434040268394688948037308449940421106697242789606738842739770713022665171630064448148944725064343770898929512687003388296347275207677013672290634,0.00000000000000370903953933353660373206201699302464297038997304455864773262646450974855165804736157933873042257480586659975466754220990150399183687203970545367965030501893854499330013127754819003573265443330512545814880599577501095048527830846578275974714182306468455495294718273832862209185847397461279145983310606292493538978705432609265775849984275740877517585948393739019343574851939405063760966099661979709056736933651384433592693273507759289025196564119458739787548133581674625771850426223915792938867897292868163873889357372448658611,0.00000000000127676406841869154258431547799346449745847864314916651945712455465989478036251607923803598796599892534304148975752281251153121926215419342065863388876735764581304379317436846991984807191421721948980844054741251162796191967235787296722680580765809734485098411859128666126664280041644386546377547558037994280515502765568143285844131072231525179628179602478354561103880183351818221756261402856738764931387528694042906353857962814841333827101558714913335193844257732251328149479118196095335499425203715062781479643605852800756616,0.00000000000000682443431947638655052828768084826241755486231658894791219583836992967955689455731752097148044870948192676410500483601953928398978896053515269658060588677255023206563655114402159411909168855414696831186254668248022858757547451998351479341870337926042375767414607078826647404620984022096486313825383439664708314711909594555193585323075816842147073838812731747556484203577680843125839070458219404513482115793172266911275104669361651668988993123906899120754869333813833301703978671686248991988015142894417496314217664686900391473,0.000000000000377054300499779572723403225582027231270122946699548457255981385103300380568215111198557914359864197831923728138787006563213403704076500602200176396081420253782802642570404083129233081285204103604814122017239688315262015297388257067315374308124044013168290335394109471744359948407355063464606360181082812542462104606654094037010123190293455900998930399944366481171729120655724107652071048176761857247089837705423519189205202377103253638856340915742956963531341322284453471585088219828459231250264774498649224267838369225527348,0.0000000000963896636542967428688904843377445128076046191845639473871914490907301384090080041660673115076577581460883219113496347839794559305465395907655668774897576341478127146570192032307961097587081272662239782617339235273750172208125726358833769990976981701156642683190035073052635377897942354090277031330527686322444258557029765384386556005925376232074889025073931769056822927843080730214943878713115019672610971303952233088090056912113481121932409822304029082359847149808022680425838263319611585284161379353078795420709049132740268,0.250428572578198757638948860743802789117149246636224448929994572615981937309278223611966640003071500818768193557291361481812314054213211275241733420696334163803910102980184946534385414105630634823291124369549899916540310856790486208353597385030907959487287075189002681515240917301892338851258712256177240733953255404190406204006556042256312070749262932026417274036207204178258153923588033827274226775839626384081496713456026267492791775202125701793901245965954785871832478577879072892222130679391481178904905286148566669716686,0.749571162520521231168800730074685612835389705645998165217214796144941378873343228126905087541162668676778044368606204132000470121439720504970982539124047593386980503530208270980563796229482120499379367760887294889321470281174940287395821682819904962745499851539269516858053620810464273076432602902077404947407621654649093763919285840339477540446378607721840683875116826748136582522966127639237384923722912328574321793778843555929477164828335322284788253929972242652892098555110123469380307675196048983764092963040234645333757
-1.85,0.9000000000000006,0.0479761381715970367616007313426492543402580006845388602921329835006836610041611837949528958466931137216212576618069234085324944420057557832882101553186687672077602812519619777164747362188793096229860367074373777994899891114194896595865657725518198012656846451992323623194378635379028646686331207760487166215143605233302618679801181449744204965594361701611300449722512653242807665293876002057567511326361360601060978603343050656987922177012487222393994023424776149228951501828210691994894704120668047221893806081317971120339575,0.00000000000203236932299682961057794188876346200570570169534247998115352347185640919338035501029944163715346429395636654669555005393256503387102779517650231741221430827105162210795579724483227612714293663192763679372768049402956080178889167629943600421538907632839481240350642403054767386535171811497276187466072945112569926461792597941130801963524242474854191158139531223724113658931527808593721414710706540184042122560347512914443907118365292479233121992612102847834319794693405173841799225314792237426394476408539423606159690527898568,0.000000000000000000000000132874184296166648813003135455102452862064975118142630277115873008580739425690613930179648767638954486461760384226220165334501346069217841824001471504246319522108533559753047889763723215576587734864695325499647505272061085025840253712245061465702426890408367118644964655716970438404096874644547675606285034210165762401311592587916171872137582519307101307522729031552279780978046488559309893670390096986638878013093605208067530880363309181559167692294279278814887265538775644225973864977055016825196617018176062978193259920664,0.0000000000000000000000000492285134641285143171151645587933681610871934218178068193613377293065611206337551192639642018923470460180933989711350339069315458804863450004413860736889617515707787878962295495886353852162871779967493102137916324657931932111509211816487708172795796821010066233818300572228222843935544912883656869764260799628025477795334075245967502041297379657430988239471546200477047231704092918863783007717991004934659998666510561636929784803704976211206348716911854686152820887692284484193575069787039141603756125709431222572835414586527,0.0000000000000000000116953367059859200455786395666296814744231984964527610055929296287465509538395966022274175687654484039547166160836952133375680298785949458852294114120161930119624323684191455269804241928293916681689657727649829876790089443363581755076573910813315500827656472329518291056124585434721676139406057275236808244919903290289411230572970426633197659612264232070306323277868070700305658049662849211878670051547080570908092564464419536684543788784090300958660964900021274030652847381774127110353059915387739122410171874990005540771114,0.00000000000000000000000225990902639584089103483842488918860226542133557978786688335536398531513252242465421604145745875238288214334213334500186198395843104785467360642208054018000996899994147153092467996832557838225309408921111619031530327882526052343935778132110809157839170865804852420996638750559210727260778711359787947653865502094394624687278135366630024705392437017546539444615391034728682474673010820070530964364103979027441957669612249818203587363694099939002888289761203015585114190319754515039433706927078175616815276574438111258877476231,0.0000000000000000000000000760817849567352170023590412727445974867496519039935714033633607499906565695092911938989710939821114566477474654189259025375695255595028029473654064568350305276092147835085941289290112599958263811661807909728905592827048250961018472586424736460262033837534127320691482993385701767325640454326376619888427688569687645002874375290956329236620603949268853994758906045446540121500597465128553149383951902281282940526920589561964444798259587076169920272027530275050340593341587160407579563020270774441546288926593291938517768387127,0.0000000000000000000000312004023505426540543935500616487677873922098725343073074167746480555838484364467008299070330498324240245026460077636952146216556048545161089278328550726915377352057089493983087414418586472294171437070543987520249183644537944876790619584405385542069987680342642986922171254819794555021185021701690468357243586286738715497662963692417770622051308605123582367637810339702291613733441190860177940596738863011088117269451296772376685746866019649592717951105049709118942250654272833276914801367626820578053855918244245926024703617,0.00000000000104196708020908015813735512215259442830392700030010084035499494460793925078755749329179037432193777937526812699724268333685830961499457813608760011216710233215923313223258403659002288107512870865934586552369525433041337591504007890579325402506830216198663486450173920535433410594891002174055895233057610421476954241952271654042536566316790786971222174033968076797310952302962844345623070044977599291098023518736401057587619756950149091739939453450868006976487810074801798128186121333151596617848778407059797427083728868878975,0.00000000000000139385161392477216702182216288076369230490619225327958289462539256405989646837201285283439740144213921195918687503490560525725874467843513018094854684447627210095840319662372706753959660372786132253789146327044133883965195373629107754201994363835771124994144426233582264746842021641611238199437013805755821646699520559623167153082502280009264503022038825588969093381023358588459074547863091539300834729968442167269617616210196192682501233197268442580438143609517193902136042123496827742162862655342988305255329653820475343828,0.0000000000000000000000212970611285641387239048649334957101782676083006609454224568444958979728663450487794394031916057842973682501528198999114021188613821187868101290838263077968436091041645349045139845343347525762582087731593665398425343653321645046159394052250693594223475934292618819274413538412602127313120208463791611495561192524032723913290589871919322814992208173249695936756416305457211240062413660167853605317454389275585455037404312029073491471512942141511412791479730714637911127100947770913236269405394427591200463234158964659085079621,0.00000000485184635915601747812577885557889867538288509327265694283807916904936113849390459449349233741172565349266331006055907595649949205386258058747733173498761464030099094764823029857938055085113463949992029429364396956099223589824596333561031763170828382551429167446090266808302989119304737962231603743140124504610078279138822487914219530705117082551923968220689082275616082584577308036409953195095334650936498382914855401587886855500469181348827839778403291182506065657003458942708291339382949583969907042676465183572508499447532,0.0000000000000000000327807064657471863746791297847363211288807767567225155937114909929574868326139034348263989005387246962529770670917613989915388758912123326639312834839157605908989779587813332828439731334383018402133538477679102460373277487779493144639413317408588473035775273588558082373719975802546854272878047423527710349535614840452463625656303235464386368954951678418552118331145237354132006488246204857425567850680748335245968504555758580702572292802040198862747617646052142822250785878226281502842557188201102266071384488126138556388552,0.00000000000000165134487484067396774071355388458075233005138456604420773161277696808359214008017503676690961572603322994195117419132458568127577699697787862779324714860530479080480515498268357735048740941549124734656920046418183106675611757512046684290453530806668965599087371305220688385018671183940484463863429648562704190827122053449225010826999066078413135609734669823494704752069400105464316746623823849556599417136169187701636873302428496842313198400326240580707282537200801908629097399517140702241784603407713919517327154946735340369,0.000000000000460100967823058904506535408324983236252679485422684041172906568953079264937705684950459557952920271066548383903742405795374276564417881877725856502504961862786338157096716854771634825578445152498706567340388283910668149370780002565016328886275401836664557491042704018127002171057409879680068314703530600383867346732259147209244524548198163709714568013026216064563576813556317190676772525558829980414775176763811354461214045794123421982473907274769559653220651021061857821798410527699276698984030619328755996348639255517263814,0.999999991362038192859131126859858930757368448836456310840224143291593042082682449569231569519490596492650774405120136993896692301755834047083816103236460364849276762268690693160779560009244137763524694286042485190374033495504225623817895810450016684199425598750167125532471801639595839423640571468134318926541822314942615362420291049038380978891117478876973746297150222143970553825990383099428663095610915890057199748812434445987819540377880656951276858281731707589741550203354874523988089909677183999817464040273211145000566,0.00000000378257796289416712259556186823286067108052377195078834119427615114821375625884485286832990925648265184205522645748430898238572062096053761768126815591529816079737183146011364284947050661156906321554395209438504688884908411058743151398465013990342867983735854923238660815901768498771602332940198721361732763719966543961920593254391659919422987577657749641105923464745865171800786885067564155133754014710253461743670720164825850564254746069955268963139111518252394572308587075935220398196725273233247755564185229362207568410911
-1.85,0.9000000000000006,0.978699505671626732958669628941083495284160172870072536482587577262219622087392649077565579001759199406599752728359692663998327268603789259899766599036427662665824300827699367474447270950348782789478368317011157413975570770223341882592553852937248726072226756897388327043773881315290093680873280454048303290899762022145915902087438672982833785500733000669846672262875376169144606320739558292531967809127582554321294231684099828572652605199617577255307409046339813037013807306354543598555619630260325042989452204638445690114062,0.00000000000000000000000102619914833310494416574553242904846798485648746834288187902486603523567305719402343286751377772117400700890057410718137708515488478516278832170439971542081488939561353352640939322620495346815964512845672437855869091024800116802937426842012325498800976908591889277203067007329316950195139682317543039757268804234693549835358647676589689882076210050158400207448766587252614724162836789714627092582713248212034433519568478545392970329336989385615928562874128933260541127718289440988234727246328834713273092413181198129075310196,0.0000000000000000000000422559698077242553877379596257004509885195990769455427831939727822603295256288735017916629408623500249865931569138739627733878819645793052485130376169754188430861169947049332441154209167565988079979150708693267702299098349442634532510955191290821535850294444808805057572868583567711986601951468879761449246994780480252602695408451440965390197371820823023824240985330236177196554266352820063947535012815449670708886157450995582492956436060651208453669823805873961888086386013062712091189182783015252115141532001479631456610834,0.0000000000000000000000000171742710557744943445330106413116054200226895652868788849442567884574879725841521135815503882973382313577542532754296414387640132754916903485998328896060233556188562249119342513480874617040136841175419730507890954188008068750620906091469190887148142869515539708196785163165512968044365497140663869424312220734583019841402025431465921174249700599233535759777406111983501853901739559565174446458034841246376139895596375119050594211162959000265026105653658983894205065318270633853024492730340762071341526464701957450335657078416,0.00000000000000000000000000000000590529704977759554061731061440294091490651646682896191558862797946752102811406867392578007660589925454787797489433967391331395313921087610495321109533470291682085299629806850697717687050206796632835918622319492064254575219846505775771955291086136371024385794585245460102545121706233001442558552964914680560816752524545555116037476805365234726927010451964139867357030312656558729158951627195768483643174552633117747732433245061648840847789681085365712695215435234233544013627986491146385327310499280550974475433692570517444867,0.000000000000000000000000788410769482101613038309232874864298195241062074899231171557585619668902293063329859105079290926074165944510680347005427821970211579450400453769109646209868668589496093084734715302352303953540120959247664903848531143021441970728277970816145452910948915996792517637090199685871438346052105660570624902762275613073546336419710160223580918520448457603811384380738585700921453171695021246775472552775012040927044843585423209949915609428259562373802617222464344119607767151544059065243028978208907409236040230602857611793459389071,0.0000000000000000000000000000291111961451796751940096598180879232727599528950559764973329664370009040593848214471390885807487672390897349760187366418139023426718550616100386004766959617138436189289113244853683176487317597106835705708218592296743181050410036367955215161273861798456763123141780367763929596273877411033995802887619813703828975795894250833573896604010155919388457212389389168067144339494096897438102772333390691355858161206539036480401735979651515825399152458877904305170326733463785841969775442424121889016835026841886530306516441979607853,0.0000000000000000000000000000130935472029855726072235107223134808993554707687713047109390284368604898437327646683081304950890481525842651692508755742500571061646949098909778617585550196058956993427941464820704611545230656006054204864969977968357974604990864234382696449615697742595930447714069444490957285309217498234693190496716209387415977237874460411378665099706406484679681060588334977988157294888463199480896456741351861783048111207634982516339461722626623304311802730310872326944096613810592073898785098075497980692434651326228744051157605921598621,0.000000000000000000000479588640595302196371307108656352290257557060723809749961802504900139996818329558079306032796462853056828851284525244699449284951140031443989456381338249110056901403169847991114739256883753023377291847961554843319893167829250402683045200442617611827756338989050183768960986373167720754920624684392318810122085396904308186218253065752974864617038540431745131771225088728308649907350067082219075095225339428110581426656769233300744928946407146965523876220218432560519601623248840622159169072342629651872555368867215915583833732,0.000000000000443265575073427492103768392763148707237051611918252085730522840204157181286494281931982726922508756955998312125113857371683889009612405655425506314188130828095347958327657602894052423281047490816336139750167888627591864008178448563055429531812328129329323676044737775637257007515539181905168843101955341470450551603924168975630220721626027952184117397900549222835006460636096876205762458595528535454091674595422525444944091493792447421537143095597472708876911346956059356024084474182866349786954492662235146112233469191783242,0.00000000000000000000000000000000980462369993774098387187670654229188141673273893373349931588831699975086353604401645477235024088224589520701625348602115711890367307020377649969292591471112681994967397713805921099863393828502530943459968256599400550821110558151943839981176947787501309075801758616690549035503653190486426259520147418225140559485278594511174519608209734461222109701971460951987960962761725657602033014484987227700326093511297585047722465225182277776566277744152990680427177613965768682189104045445616866438074463938981381046131558064898303853,0.00000000000000000000000268691436366697191069632611803630804318523487763547203481555245204149993274475086720712870684257977654405478290409406515914658923129804013438362018451934632274400760784558823297525245473901055651786534273156359893462874949418299220113826721927014148822192755873358507436920074385416943150028537430139278273751947976843924521018935257025479441478654203418115234419431298445448910347043704081917531529655824860748127537160439553777322952148569810348455697017806141438563428984842587061982350269687041347934783404520825371054061,0.0000000000000000000114361515029852255964725903603386253477485345992857301271279799867232152466871798253026617253453412470916220666270178615227121409712418568913054009046515540461776378843902267275498625516287846497843039310806930066871337127014511345802475060543685976372205517225848853039537334577521234347178342985379350074786855110030476929987484501516750896978141057890358382113253268170509075461209018245359681250308289554943160658440146290200100722546205270867772338746174508725014906083361921686880939912357715789207359368503614992800924,0.000000000000000000631854583618946520225658733394380854684654134608768998222539168079995762153869966323606443490711779544441535933759436846590607793154399989833320616963196901992355965398445421978590738608340716751507490703586781274940048569860690037113024360563248540107426895277361594077703307241979919066815838607648732951954200746060332900638003708144362530467116826916402396970418638495566681443717207290229274927906111681817923190229793078074232127053675357448855133482567538024558550463639043247417174419457063724454511486106011634386171,0.000000000000000000000000000254743768440450142512868430740371986110139097143521243791470099733285118534886258330167485503689200038144221005531312989578096999140051128938766802539614733228491656969245906673708014808754603215494744939909560479771027757993465646357506821298587590903137361937062763317385709195290499916033892458215245752543937501929304815400798629793437452914066204144414163325956261205874771218576738113957069907427200501934451279442696087810418711127756806732554809865758321539192608085731993656082427295246999656206300419904753164029225,0.000000419659558962587608640307412052957391279633775575111055808583767139739245942008774877039180955230825691717121564226727713104264936767113456947985453831983196172582444751003277652028716428763107682570978547758520815128968408174962553180660790025827704743490651535677361653506188074845596427128084826603764270745263582189190768176584885159176470062251853695243669384036881584797072285753336281940258393446671173488019232877622346366943274139705862982402098036457762794998513392843799296507117176183223277145827662670290320607557,0.999999580339997771193499793289551475980698933496644786216552931105270070645926698965611643391077022879909744405950118855194386074148681913587781452666247363336049153320168445893435008188463138836392443648155342695207224254970690926543093431695785078379749740699096416032477715801758836397580800356093067365972460793607721675812875425828678794861188522054814282560824266185713194693407089047561627861417787561492152295698511188781697924037257932190936274546694812428139925950180548528279760821185351507929664506018095655350805
-1.85,0.9000000000000006,0.994040910965987382611628442266970307442326945782527485407059770022428289052879458586130482088402880017684243374395393530070893544655486487022122052544953990413335580278588671472075923803475240012326635146076426110203550699874978247241809570661942257262654575370075900761484343191352987186056108947982271024007437632160239232389993825490577294834381513017904111386283956546289084567405223804776228506140723009027716989030313529570599197758758742148030454954484516448290874820597810202619967640990665366851584946604216826999722,0.00000000000216270707477690534559959787663616932534811185772314873156708959399114618786219470187753500922582307517737589686531654279181427180166471861982569088126949702570339464896131362946948816237036299704012273052566797168486525831743426261222847022599819741337302310869549096434447399579570536039708887189264567155360141850274369020647037981908231101294544124511324861502912833708654654220044476308596673471885439914023807484713346170794799329308487755743406168631804477931920637529905129677884809554510120869426459840389893762897309,0.000000000000000406111339969119501920776379381745420443416231020030963822027767272084852944831701028137948381739242450601159185976555695178227972954039994231772811903520637405225427503302101758133904425769248067742250262311370498400491635458729094252988558682954201009816957141656201513408838164406636149792382897015621668650147422477940180137164945958580233551291788144963107385112233171181856600956169766812705989680662673462006778404372980794008405690704534163482134263244425725785595770583141319636040535768662654730106461934122277337117,0.0000000000000000000454542289577105792912827419995674569533936604173782769282969547397101047305522919044574190156817732835495956814372462822469168839737155812892351146336585212069344640308664968940134054867887724122225611523225046055929512142443379661213172908868744316493052847803984624614623653221126186450646864538134624733354213882809732997469671744783229459966349774424153606873960200465347608427400280061887272697358414599908803999240976879841489901712421108668338893519809687742552863253515930607221592475176584047652175342861048321831416,0.00000000000172123550918889787734792268730563232005556474157748590185879182493325653998901581537436633417405199472498704830416052093209782698269845882467195900350016548960763545698132321595761473650451621299846460064897843308359855555474977523209342296218836984635879632788891902862847891538299739741689707482925416471296914154359366789427837052476906896477660916458331120527135401644755483072867544788068990944840338956565757742102206930508752970897305900847493645372656216742583642002293621088952019773189781349299956792224913558538328,0.000000000288589833585252333967603487209178860852773290689727627564655879082009068462775355320778867841169344066141119767585959848874329595416956225721220705534952377373139512991892694772859614914594980293840633220685262738959030522383735932080065139387221193282190157800852078855666817855864415088661149386603459210536890471791874843403124128647516754898377432322425253764568725701371605692584428377795760506357912644020659420821760206939294075459670693179250554809594612097721872194889886258137654230036877502995285279249128730248714,0.00000000000000293575760912461446368609792265896782577648782577059222410010851267384509436835813157247948420739844716063984969278858247059383899994639964689278056976920496775205576098957298052736436138263928873928216526767056813878950804743147903367061601184865847552914986634722933206120991760597341462103050716185351032717016355919229905447019805352373912004709719698055263982716320353415095711911852817519141454997623036091319887307463376772213996046648035951396108932087674074309724699532106847927988493093784048446486003541281725257046,0.000000000000000363707925707209334846439489647825257346183673541289980351210381537292332943690412335817059983123845726118920351293445456124332616254410776107335211833503220839800468702843081347637717245591217204715134651595091699307065451735733451774550336404586581208764087115188096807226631589829128005986173112249079951070145716652695880002378883656905559988517473988960270549548067702398620855607558450602528052148391944095157754126098356727725396192333945769590607825027530266000455164354060440321533876619381958919403346811611281576907,0.00000000366943869952994921716174068784985911596770798681370394826409463749288569902377186216577064356839516517095745885584049173452788171684456669210614366900401400847885374424141824856699031411555665393271945210961703501765049094436015946045671321486141579328412932977097531501117151764930950893105096519216869276402607586315079770332519932124692171562495262261345254694390926922754427806628610332750955424803193220828691000442509099841511808558582621676643295005360375830133900610415486184173349871281543169639842890025067513552608,0.00000426011229831828405518891617816379406235644775619720208923331419422866032492009101735393650895336525932045725260686358632209764009639432408407943128325696586751765528617707192867015509930119546627422010684513427122195691913456992493752405061930900209882656330737649162839298274035520046871119515453095166938278077963759031371729744357185929909397950090514901870552872269058318620240331619384558644956440117554798950026175780268884250716441754155090484559858337100560079855714028117167911138488712934050925683787691511567490375,0.0000000000103751450379855791314580976550946894354013046938853786764422808450597619888540210384600653127775639957928862865137169521954394477313747139036257840676473794416219485267409651778542525097240201382087522072688499468954348946094765529967242196347917253177496325039520508720294068958227661078767317825878142716656589103813506646296773819859871690318849782265949706879104119549793475735743422262003678125819606861205391851859457314060458865474869188790310306756306269414059339012530090866849582743202411424621078211257588293652169,0.00000000000155975066022403670903165261272026480161744775726455418471985606102354246207320434098871490512225897279276428465712258956248473362455669193604142324242010594253674811664718836861022529297541983785779002481507372977970336466718291593833746039973318052084832271379741574636302792808132684131107311622591866461835711683997394065261602408943087508370030626348041552791341288318682327393160065466483278766311980216356448810801996218743250652633820477868036081192022046324173481748129506123487352618305237267173258478599109609292298,0.0000000000000302674533972128340753969071619518790549921592372265886714511979341354579549648598472117050668791625643594769945128950689962409951794984092679067040584182396677867627382644474848023556240747226075573841148722676769128355546420500825344435229869817975408601485240858822262412416371436859648426973345758408818824210576392227900403137200588166873683588073234585009027526774075009077253630291649671311743311097726457285137423182897978906235690581566688420933781085346039494827734925771554172004093749327646664043026940349001036749,0.000000000000460625975222842409563412466075552123962889581525378948627494672604777779060060111061839928070030509423509903365858419544088353970458245240173008296516429329140297340562740243070192431656376000178884284103044519090113438682350275302734509753431501672256170573151525854835571374552726211204846920956384513283419439151139390310039238565412594224593869729998119071439154591852872255614014173847540640764600657865401289351715736622292668862263438572633358778957219795771889936013313044143618942201489197564793853920929931555371635,0.0000000204566155135408020078003721759503994747847379101638021603602224380312900068641079685632221769476807849045368968316152370193337106753894691050894362851049022888268373956267355412594976089922675209951481513283831163743187445621698802151393961088401651005634679816194248320664026084983673248098858151815964603252845448058360962733850820350646278852400333141722484802272240709247055823979382979313122502163956601302447595037505533062791709448052896091007233496283778085297749515738196362432948119003838445943832129709888312686688,0.0842868976865245027705604366970366599337303292525925662180631106113254844201872504147371848251550191451195337867061058537989495260408223495930901096780487852763690932390745010600823971072321384091471322390335159629396066387174301802445151346602191708822808334454038623284127574198407511648961317204927408138657625086099509821379683325195626659469837203368089476118956523287596905050025184457889526666875644708112416356838821548286094139438400863207630835416839671948983835521036689896459634970437340696129312835696671437019113,0.91570881774132585702652582704383560140657653132008036854655442348545423070959338220025279005383399664284732987932293777291145759485523040571003972442353378095525405113009429092473074117134443374803959663088934438081486774549529697823092847616549980538553319751516371049153790806988911155629163712224017273584450532005558751667496427175752227104855198450342586298713674626803312233521936513388494084004818003933502098628035964920193668507222764247124502987256857592787228592640313732936501397287809577067586569726222992587619
-1.85,0.9000000000000006,0.963051485842166829663008836598122888190653315432673128421599674686950725323320857501357775276262490144173380141645719455680828304204555980276493822863592812316458039534440022781859873081950505218210618728174955901904547770933240115955006375976549587702359500634545127912114069771137437942369568191954089141105097497379995382921341734367359880651311886010232905361292154537619312128184756619168397292043064727802455177947770458868925604147063902764313148899955742131803238592472050152857791534126276677570490249326697899855777,0.00000000105005186560422393192049456691254504460858106824626777521810005331102102899447363130581614818871653466542203513492752154873974961511527524805251436764689424458186775806128803054424829206362309769320348990131182015142183192624882210878806307940809169267949132073986897084991355495501450412917816129459878584398779462715849832089206813475954287280010501608392560224328198996827698931658710953563005193467341139451354062053784352097883908466836977157150301384596665815338862176552979084301658707196305782182385549876718816640458,0.0000000000000000183571879483452110775574398685958943943709558752670181745540888570391030669978555625259368494901678039906092632080770187590845467413214512004735032846240889482502130633434729881746772072595097758357839149598390627661582721892955656235877948777849967616966303532261333454477408669874443081286132460982818167413429105593867541411104024675016726245949580725621383055623142003962517022254169427273044792656569015025248891638139098988887238336268313379340879967725916566757642978665542538638432179335229379387706676698786966790371,0.0000000000000000000131523559275342557465725476030905812008976302784330737073715054825078958418750874851271448265344129900250728857709658869927985036302992572289841717888635406116800283126213162856930247429097296166534880399971318179123784670754983138052192268149843887757273240475525782636300934632347433689436862480926345888020193856395548938751747527344579495777051950373545580281304163873371313657505200797430452043737751752761720704971333481883316493766269604110132662426363403049437526579428865852107535953783083428761307121309115575152393,0.000000000835520257669559385657176431436280353549534315110375564409367656461049720026307608228569140544216870004102878930554926636904451744385221363360281253828805241275824310999118338337675807170001695613745535046220172559574139254000204773897411137803825304009116195414991120177179526416423187454597754872304769756034838530821708447879139450508616148042192259505788119206556773221663760385428120660015005180520386794541943920089295320982324827647490931595297633674839385948849381210388735606278893845405264616495432947620407284000684,0.0000000000835045780209467279986150405767275515732075439991348415948703474426355422185762316351299428584163657919495341090332108502934295795006354592051083383137901205720539092136497140125122499152187135168934437516267766187835316386184285487795250791556648290730469167750923709006741308421906930638305539823882337026544128574400321293771277895756429641830435077195290883765140607186238432942780029931187742464881985028954020034349838898844929312737161644417623837034162609907128757964371467148198066182561099094190183516855605401283455,0.00000000000000543652401047826523796477465600338720327187031468557546497729465783846403016562420012449514243524790021458434183812575915151865755632571873587099170978914912211532449300372608318664376336128941191129272490674636737635147821919650844704266567551121430920306029133125676153421694059611590024970870388628144475891605072112769496092386800996592905129213260382379613755881859406740179039956863615069099885083430360421931407083083616307023551355309107328790667850091102229309290795639607076520777963557489520296447105999421739766666,0.0000000000000043104810241866281946650218837688855652683416103375364092357748886461733711337918029695952185010368501055150368796820961015478788471690243093666324336113458617285607429928383000393089441715678502424230925366496115896235474096680547865684011929533193697894736850563825384635324925017548508112069254410034013881756722462426277247906162354164315163604975981778643511984815972993753522911341896675018567268294700526054028746717932191815955949823710543072462779947657248048452635978957681472240639271728056925273396696268302195119,0.000000278320032655537713447862438981568783672165205864351711042370187871667722961872860149480396947930430686310254151761120566292820375849165106784490248631404388941351278542593682385420122637457803714172879118874265193006924617987473286814417352451043668713788615066932297146602128063030409362206208952639051184327553992893792423836527495120348413764639563224180056650975106072517294933984732449670187538045820151603366587683334621375912435622623054489877210274865247305792314280578939805515661813260695979828663053542870226605924,0.000000192567097848664098506994198733803498148110593571833879127142321475980152735042398727008327046282940136438056997185951223802756561404549900017887658524729611326251521793912252297393100847498493449861550963842250479392980106308018295758914703449301724280628790366382040465929769035864299833930154476919078277667786201875374241508840911786833092568103667995701011446740323051203472309254026087076825543065979125755345911558441485353842234821346234788539825837124392675882190794702341767887392212363473874751022231282607328137628,0.000000000786935262373502335087770939839591903072802618664350792468368702416829010247799362282078913145133177249970125699986089024683855899664529329730691958821788059856152303661878370717699927290090078884722770275792285726046880158858263495512180311587835102176117341725168053237414573853401805409034741014628338468298110484238222756204434416813137611785640339919580722667623054547861413575513174508544653194517491829362044457478149859641975517984826853591728678236570427445929659135371335941623148360906945452159057778252751763025484,0.00000000484663244544442604503984556696771475591655232515628727715139224331142369710822844024029016975816217298705723982138972296580188897600860984519765564649899480329332042150007226962946923374490241248391969903592723449046478630677636472314097817835519763032042912431972270315269834996623204492869592791572510921231867373389868092335250264482106249457061355249661356991020374791504082330909413260676598775659804665572879985306105936669319644954468905166731839449412356470426745542794537760407942421987507923282136160004063692420432,0.00000000000000875800402357656251284110867435622011548711078186233484434285613258684005539013498221342621580106795974773408950930365509795814754400401714014794885177865612193204126578082750496998035098578866965922661475784373380465992233000401764092006790815064769478680305150631330444329167730015009683654634537281836603923614506515027756365195780201638110399988798836211522060470556201950867682248002172496260221141777984436532526853325858934816584651690375205559998568664388142279794045908559190747009092244501786837317019817337632437268,0.000000000000853000999253358810736875107871847250201445888498039452016495257780661739350938798691738228211614712429507697860462013813901704353184449902626425879995919527934088577906162228404277677647341666899869528467495163925630825066741602531177125049362152048132522159524483413485843478544049859844027674490151742785053559850169906699390955404333166195975810825264520897224122687108857487166862120260116994899251218311211009318622354009248522185665550219113571948370901758329162995252053630598523694614553118040109829738452589965162888,0.000063565093447479338509905985980003847104522849597126895612842582962587480204827004736309184478589347368049002177647007288665416696713366428359825554171231028346583239403632526151450016052844640349805371608419566580924184050089414113071000248474777329643824344748323510861050032549849205040955570831549202683196563047796072777666178312185683119727686739918673271083537278292625746665280010222576756699004221024005365095218010195598626341313126855198086044498700360176324761351306391219098943518207215382200021411089303527852718,0.998925366718017863082864112573499882153439139022805160910286842673371482245485665116379593706014360663350501611174302084857364235413182649101817843063324773824864519061813374495646710969953418459362313770367779236954900086266676097983101887702596843977846443562992085484511946690733902421811098368039640555931332144091458753092887229247050569673630511315043024954054593507085224548393093822717030704644363909063410463929870964091968966665584400739111408776347677891793465883186771032785602060513352227742301958805580204163346,0.00101058935545317432015385798329858706956543100555672145285349267240136303263612262780793866533617284875541802008844976980462806643014049706878744627413896094278970072370154315803648563041859588072591754270216186254072373183841795068821990380465137290791495075224876796558922461228672142250960561505129262788924492886815479517108026754729254476358272405994827206947549652366503532558521249585636545558623356556511712718650542934893865550237928095005036515434554595622438535957355168308082906907762757981325863326563115693568697
-1.85,0.9000000000000006,0.978699505671626732958669628941083495284160172870072536482587577262219622087392649077565579001759199406599752728359692663998327268603789259899766599036427662665824300827699367474447270950348782789478368317011157413975570770223341882592553852937248726072226756897388327043773881315290093680873280454048303290899762022145915902087438672982833785500733000669846672262875376169144606320739558292531967809127582554321294231684099828572652605199617577255307409046339813037013807306354543598555619630260325042989452204638445690114062,0.000000000332462484720174552291717294767095976692288576222513301508590435073059070999151943439389296840147394923582235064128891437399283516074504325297423778763220188710219650077275334590865058209997598335980938178661391753940013569796453347155601953051752266872515381559821790447573579234907075265789804985106129692196466136513858420237848077849254751063425301037377219063386001714224495008794086095378264395779855030352851626327984213027636622003439248692691740993382075075741596791509799462008308630137891704253223941596978202674866,0.0000000000000000989843584266077292092984789070479059735602373272217963097282254071376199387786048416052089516918461725723992857408771346897047000239596764625290735922655104988949156811206516406013370612776776777392371031235074530021193766642222776286979156209023015237321950035041699939816342645972838097366662491357244100029630174486642754895818957025860176302017131825912059533623355516820555781580719278907895859908054474675356134743246753975777035216369027901424665051954446820205910509473538023593702852129337272075796846412429521635007,0.0000000000000000000402306279949524586785149569081632317065170028693942902059201452940176252285705300436406321023576853479555220171721143868006510378600394146819849383439660179540471625492263266473865532769982325543299104426335253919920166113616040098344387636382655271088034776852886598961016000300476049611272328211710945829274359383445200508980133635444212441907099035784036698152286087534687252882358320267577306355003833209426573881482952535356201378241399329278369208329801487628708243834913790536423200433109604656174219723567846578267285,0.000000000264597198967671635046060163443882151959219615317047040647662107874665873958881773591463774842393963915439870732769684988577849004355864673439240027197068438996020640381669986464585824908483822852052111754332593683134564029202609359887389788534491175560848900857552810604865513120700949548499393887757450790074645092220123056732951563229948500005288462233933899057413779530929970805134748564771605531325131346773454611074304894345852776694529652973676582364198927410308701202168915693211673311245676860290924575432118056131281,0.000000000255425083745129859029479114596578648715314727860824031217853957453544176900850659872476504864604669472514749713297489482432512331761438153786485026658519238262896132709586985898659688541596820295151103528734495126240831676370488214585190040741238881575216491109743136933093190069658110901013558418328986094880923771264665093331607391061872393925137477571480459534097121834091889796901308895136257020661571621718407273546588546783776716990695015331770403051308601332200568998298017526612973827991507167479494690796617534798169,0.00000000000000943128886758848989045905056385557079978335575515343277107789390781709747238242991896993495675233440577379364624165408321561082724115607189447415055048412164864565200976611272051489939665125757011927117721056761342627935902019000532771675837639751270775357803496063043805629938462215282503573534146362199657536976068276481582989166533159497825876506529296241553457482568748677263622030057627509768006408731622390135412524659578409865773612806071473167096667362177673634570941302086085973154687052536437695376197529071277592213,0.00000000000000424197705092272367710102497388417490570011710059162824762137252377959955480864537157558432426660711991210994804928615857798656005452475478544921699861872964553980590543875296456097414257868910267816720147304795620509957129774219321354905193559665153710850747552300251291003370531998745278557393780566757017439177897074298066771733274295455340018932464220010078131786148636245183045434284760735979639656628015788284210123569689488107707290851473114348051640644683692257200208616004169009690720456900490153838827087633819681996,0.000000155374550207801293740138775887981056605456776977103759421727698893315142841745096795379897452532943340580954903971955160797295953135694704263640227984389969895484465341660079182415099926771485150789722861255588536693658948671559686256594372854106055688496345899596629615912373463148522541773350984436114983616012847049104350921704924069998046913933110883284494883098064557932053715277469329499836506737077725590744016828886484207612404206000824578895399436058040912331291991367432632333713180630029154361049680901555532124996,0.00000103834697821144519900189628720339094826611681913238238493491132360317139602287092066719906513287042262395240846015820623741701924458013399548406122658474660456498188260725406635086507627105219990567644991743122892286093300101693258425915472703042482338791834641636984773859261443974234097330513221062614722802624409882724034684756742558351474422602530534125242497841272974585888465707468289004276526165010121032286125546615309283795712069328307249562136830477847684176396499937609559786140034308109849795590518190492724697838,0.000000000439313373411636393906903363355111355778562502598013220728178112476797096652575232158662215719870917213548655351329426817397579069824214897713825953083628554247988861199320514293279833049774811945228051837795597330082025183066097718857309303854075874375351557671838841024246680144818508717512349607157229718492702837963040797330125324630647142495095842305946175044205796246052997938817587585418548790344619016999681974286452736358425066515656033674121442578835011218810937693760786480431446137824618924041920346666260511361103,0.000000000870492074590070664515230360784643892237443461813222123460918250784821920931753448970740367092389712893773336393339870745723652162182978929020584882395525866874907498542300225312684289700167683817085492934981042841781060590775099889363123846824759696933304548538887880348566257638768095787383711228603745093323215578853307957010133848767402002672156617829879764643951581493875377977083763083859986374904447123029354528435328516515916917802636800313731609979656569145917985926180415219136887954858428189910742149714638185558547,0.0000000000000267891170062685978482885637462505005902096392403061321360247661589760435373891390323367502934836474825145479995098692255138602164185299218163532686666378947508764266824089042971128136769306325171466435882808416326685261031428497150650310530611066403173610315117371070535306081575233494254819952663452820513061682649106581200780704846399418632109995687916631971861050899072251387242429478481697849268744982055124821814812604064275692363846535680522913102798969977891904141132933391146049044554782656880362474683074221352336044,0.00000000000148011561119110695566620801840698656107294160575461219003261257716120395853962117629626309798137999072168429842115713848401522676958051895109559277465297142154277181504867415671304389437825703350445748415898695637637043345835777786568440097471711362964163969144718133978399207994123270674147381607120461124710843628668209750922548836424582167784490989259618136685436665283517140977797202717033213615327927238658102660860082818609099222530688198205118823083384350153698079256563319827659033926786118896217727205444179341455579,0.0000114142416572170381549417499770679273409333853941647786965671109664723376142926745961347381344459262771518876622142313022261161868789634849668298015590905346004832140767719415721490259573343945628433603503873771725468899582731508147720143001704881497276717035767484166756716247008555082573367794415913608176325436722574970986947630599214599298039156998788974268069325873184559752426705336974396023283049892350817165717595784594153507101810908249508854741578389585768330264566611465733140665150991070502826867060948613179255155,0.983050025606360918449265957069127407782537996877079124553811094902054691190554206490599788286393076044037266959258829955119861007753597276438901504406938306037050208958464706389912735289793051918272235033091127359730341351069590773793477759991726295327342243502106267678539205985003601854312266204899995432836404803519846267744031172860255894151247112949054288326170180266463876909314986622120929270075138139599842772559190463303496131340620881309575255163410226866235545008187328167775395639042858112912944221783837778719287,0.0169373639296496286891100976727014062189086568326983715078948315716351909142479677005373974414374349261253537163476230095793361995521072899388090871743945789390386699493151814062948336155144288793366903942566334206656770337431538833748226023029944633050357057034540926680588190872487673561859370287620623145196879723081206956774177360863784728518042188221533503037012268126065423297250862109637128695828545279020056113371150755798239041888818082897710621652162766327789285592860375109935798273212592453863831460006709717007843
-1.85,0.9000000000000006,0.0000541029424361299664032393285569836812261361667495351403215308542443264958837993449920447519013817515476525941535290045632646090335169560047523835567090582945830454166391040791180690243428642109320279346200387131724906506544617857479857765100540269430779302080370028884432899684434625529406993550396854724846860840933275910225528704577590547630778906562476973627231573333019793662099987394476738967787612716388490537980058816421950541260300834215983182916960517990802664985919646332469632406945767748629871452695472312651202281,0.000000358365832258385783514809522557198365478843796166132581365496631485567197919345307153937373436306496114799525958590303017585219325287827445947083099031863186176027691943516522482457557489605070487769363260518031022883984614912667388989388439544866697023216317791934637359018885851300395677137169080097561205568040255903512054031701357768985706984664760920965783616864725636201150411592237437116842628302470003545503844928837182611979840530313576502793643953269226788575686863657950306894566755974933874212671677233523212436464,0.0000000000000000000000000000000000333974857622558486706861777007477003596731643597369662504823991639770360317593944889273712847758924373635028208254903668908033363110900639375306573481133062859939741866468296343412689795800842223163978769663945509952161643350034793891231917299091823985593895257860193283258369793623172020112808537080040211933801864189472192794397195431329397408775106433548496423342503154975211176753609101815299797232773676529944358900240647279386120856192588500316517241603965119793433083458843670574057666404035518955827607570265868361421,0.000000000000000000000000000000011527080254967454675186830164090097887746932485105123481403753943014863635858109936535472238130864060552587380131471118146744421610388321074212604850967192490098004964798010585071793296867494088580659626201044694585080496888721797375039811268029629476780866834464215205867539739364052889881669930034449898049676230520843237259928679209809584231818903712182009333548619342110120723452428383532967406131278843582115724805797776744946810880952890125949824330986854721067160770464519642113146791356102019055216999633249478665739,0.00000000000000000000000000000000315541480085140041658515090834965485061094419356608292123603020039423686826378733197397447770494233292090057027617684908018161029392563258621849940514845097447929430011038534587215899211677090906329705766611296633594676909445856358819050261630782086700217145948975796019585445580826294004137091402148535321565862100735551541783496682375864647922796206138543185967713327520391200272224155783920010132222990449009929705585106332390751841816831478224968198148376764114116748798637993924580958650148688694877828790748618405202774,0.000000000000000000000000000000529167973661691636918403769494924256050356366856058666649594077882886325668754028659081439656270489060440376411507026299394768410498272047318222464164040318153284413945456571424369374611220088629543459138708294824757409704952808386916432797642713613726434843140863592320211265433602952339267610676053824580576662959911129167532406147805616498952931484263449669076506121943097758459652102071021249054899053238850515212919291476207149960876560256277645973665414730090689303061668283043236356579638356790768481005133903520078412,0.0000000000000000000000000000165963552076062038101870279906662321706326499937870229152109107914822369390994264447171748333560308587103988950829474703296227356000864842297794706697875312524280797212720846158961713459938078643612976641291223037353268415865114948640870539540198514018554168755452487969339785252206230689631005182073535921474820271801450022243419010795214703389990061112856441737319345400675899427086841565230914025912979003062643153653623439695869457907332873743287709701162967976250854058370843285644821048416641257472424813283719976745113,0.00000000000000000000000633906628732604554581302347252619185727568211395706620077985181091632389676908454647508132893249450665959792376326599193814837976808202278074558850233435237293149758978880834377024613671073010793383284422913591492890920918693202888640698746200308375027976140600244237393365982211425479759387617363896131628494720313038489341126543181332583756665083664578124969853026370736287297766255691829457048917111140378863338449634544996541838795329302328994772749760969015868816451900641030901458322927843162861196423900984791172535785,0.000000000197175144171908121902623332695999374115046453236886380384365674596231642920885784048836374749149488846247122702970170220371860601599991336149922521013518709583066981680915305659052796999363260170921952793916301381888588698858833657447256120112407571347358657116661708861305869447213481639353024476140898363715551875332213330906604099151625356971690776899774110737025813717189535531812656420135972339817707527840080809252184572984926407663841786456635171540510442226155263385704375066554289376096702706205974893486016972947329,0.000000000000000000000000350339982723738408840415303280192204380683228906401155444726802719504919429864667664261069028843304077599743325104409625081484141027549724026257584389821789055253346929512006063459357217067508244258887156224113643271556433649501545279859993156737451822940749417815942837470499253280933532323442719761483967848018794234034269418146434319616453023441066303109477384589680977862753881932092156008249180731476313517466464258719826790102618649576523419314528994639291528434684560427712602168393815960172005518038692198768927697107,0.00000000000000000000000000000000000000616922110846236833529048477718670066111102910508675759659927740355768884234266713313266127021741736398298665093531297051366515669288398607425680116779920669740368101558446912258359334775392102555409859002487377491410383950849714991259343731216467784696703734360648416435406655217429342077905512445543480215759248183117626606033948786390390599474371627716770947384241410779664449587654364598550738610413848412451523928371987766749046539086125914869827561354532367233530866637307859136475466890424064233154662878025000850312316,0.796827061758409962707202669500085447063629510783678314606801496667106159110039375978503918681491852286843246745223852252814070945811926698302052131362588344114250861287342317295608704014498199335440513675313967604904425323494599444077448221741863458001405018921119772544783519031497137431815594119925254024420093593737187277387155715870362168162648472749810099124700587579402138868104352545280418260061092824475257550533297281894893927983169599204590143860168911768519285351427447422792233830722692953572072930744586801542433,0.00000000000000000000000000767575146303247559675730789076702040282351281149270570635453620799879708671634817967245245928223793840061549376049344391920344803133987768644990365729196122122053984302119879930516227340638158653134312759027282012964217457008880487729518995765437978290536122064828618795556452157274067871924649359862543341292460119260590846901838971717598601285754614933578275548107596885944387355757171035348478413534976111321368156366684084531689086432634820827300254717163242961778277316736421312718974050590871375257455736289420880419761,0.000000000000000000360141731556493373624788267355981361544901320579844452588625909827149366410012578333516014743756711562476262029340297187673927010554877445149353702773085164715982566990292882225876852557589537350949276149999812228908294562385893879402027627244343301439284497341955377912008162837251002132965860454319790067637646233143055962151648750687731463208762564094359065041518948585755254016801430657752049986852248033287973985855329116619408649613384117877355844504616809318060489051142541637415443701861293540264992031020392005980566,0.000000000000000000000115644853087644439504551377822330634605744656342543544146701332141511002518689158741660076707730872345697014784175764839876024925461029821698468643550989126068721464846797311168887056594837688088872935212893722118789637299420183576750536960869274428449256258847471462409575296876933462226345679343315008986793533054378784311651402043060388089315122640559676655572042676696009784460160620088922535735915625404758282228566789725826987250458436823985688008476343792244782136346045334965150951218219691992573286327000534871098521,0.203172579678582634374840524561655677644777704573584123902583149634842324779023148670704831998360089874487384610839057260714493309992069158084413263878839189935619095939919493739299440613864689086577998676264872450158895203918255579605625456980756962509646335321323309299070587184133834323732457055867141843571202225313519123183280700722712000429260712531125889226788838760150759883087885461438818422355242607624776349254802323822649216059384660948312250267867709482145825784405089379712092772993151180192260987214612650347629,0.00000000000000000000000109571737021466581103070951110503634852632769678395602582647469256096249380971512871427841075574075062165722964286302622179317923589775451302225489131025238481147197648872856659149184402237643414798969358724321658280350014605045283511824116683333899662263124601780623761229705715564415632514348228608871728430419198092010924437976118837122143176618167681426710647016885460762289201765597774392871342331745746828408305039338371069552437907111655654282251714063488092689708644261658771955285039352380918147088465654414408426386
-1.85,0.9000000000000006,0.978699505671626732958669628941083495284160172870072536482587577262219622087392649077565579001759199406599752728359692663998327268603789259899766599036427662665824300827699367474447270950348782789478368317011157413975570770223341882592553852937248726072226756897388327043773881315290093680873280454048303290899762022145915902087438672982833785500733000669846672262875376169144606320739558292531967809127582554321294231684099828572652605199617577255307409046339813037013807306354543598555619630260325042989452204638445690114062,0.0000000000000000000000010261991483331023267742589894341171055081965175343438135809435262163944042228060125396137844859410879449221478683235480414854365907452085364710963187145781954181581668082758905472702038614679742016238485369746054089912412158291736701389948361793456014107153615450378147497223960345308735648644639951796974471459313902897232487919881595165193241890279174533469198336076388182395318436524391495536275334404288497337424339306949504440319451407192499334705990030975827905606624295065917095619635897839068116115273062393942949697,0.0000000000000000000000422653467602576518426715195106548944199792429247092056566040481989130864388709463522550385612129058899096393306492467399198522612964625667744222946803466661345807001887166298534424628962146112803065892924352071327747149598927920887813086477053381769823936170194444324866885512492701707240782616133922524064176198754264152404005112676923625654498661272205622425097117558559171338512732386038406880448702398921298712210630911632748927441942648489095112245476702998848253906094713698075484863223944996964226870112831246694854918,0.0000000000000000000000000171742710557744714873822395931682157218330378102080399978518915263283155194507006786587363995738612854950372922085931919284298942541766595625713078703262830277480354818152464865177135061034236788897594714350497910985237348710918916017804164989076037154351524113198321746366923526395051530282285089311426452683508140343787167747145682319100555991988217890690357597056971026501451430216733433477473370573890437229018921077091594122849195470610087586794823989022143547484371520187911376906366381346909629976923605157915711123033,0.00000000000000000000000000470231607053008509566237987896637800747931885166349462308833625926120501157074189604588224299070731073660958348058608121925369296595016652894271518473459911644962611753384958542123337305596474207709893741415464053484258901047560068426230978531147170219036420282771142100015741530616619077363223327699903352626718104534841124024415420456252473902398482794251019978112104404536763140494230122970524465452095937422620368869574249656712261835634009349882292637439445157267961925198703991254654265804307379997640087107029249536827,0.000000000000000000000000788410769482099562312682907790618730332240069141509567477145024756837977507616904292038266425088934319459119210067139059833405949697979175745519767596909499062383382953562989224904175623076378670692522236247718060031612540509495985989343408637344181557055905406600332384756538433952020362980364070209590086736054783346328656799013824605368427124014129958576028330616388477150762538691822635312986653096025679379470260283857959927495528601320132664045760304207664471888259038521403339430816017470693102096815736970615411796161,0.0000000000000000000000000000291111961451796364500654624193479166566588436451242736394828699713072439657282475626347173002557629136449190089603611237403493675803349281921014256323934310779489985065179081840959946904634330145227116687424374714624888036231957904725284187340290899520944185285969841748047428018158612182786233135268532272506194124220344407970910323006656448544093422621968616911411165162427907376413292713177545611651822765985573588437992371639289336551457128808823939807816154769730259975863461057945992705179546979096333028009731051702117,0.0000000000000000000000000000130935472029855067990372280489436992580849511671328976815763154648478957773130985591969391523454693374388931118364185033827777451979062412938938583791644246400581466398226391226656313686815000095063509293863612666125568518762662774788384474327740768443430923692394475434421521961175751508826711608561733748822855375884431959800760349551036295270000869598896050798858336523944366548029272242071852702182576440862243502699775183569080813712055994442425805981750958742975972190899732725159948407390382481309903958088830228860819,0.00000000000000000000047958864059530096737884822488265564702783019464798153380036550611921087160773609774952945735271941365003199361007475635348764812173191517030415801853032159167144476068875857663213536370296995205477807902726632757972074662478134428599233534357731167249545256694673936674100776588292076305231053953299506266195225041173552063910447404784321541201203975561296578652481444342580422758604142812392870336756134280083697817151357477902722865619839144854566856035867296725170993429935798791562226180717440663313951378653765982178679,0.000000000000443363939405758883091822757436790222004114384967082432093630367698113544889942866539030290908977427906528669030261694290080616499946900515992798981046523929181623527949360836554235455309081971011804326526915382099017168606316492456006648193188389525865539316486723457137335176548839840477900549382078252727805756334309757974735628213517041278300774276882509374000626911924748821678832782908473393336694822005556560411417508694245057479354234242423662528463916998759694071316614677389950164857421193473253209125573411151296809,0.00000000000000000000000000780730235940523282911808596548916338651194414651882453389430295534593055419182395251072477096399433983774953011838654171557937437222497035832642340112645958824243943673490237820112692967982843799514519316661994275120531309756215662414261618635940291828512084638639085149014015788693113836496274198085794990212940771599475429619296135546863999531666280228275294542097287242873298279747053301326920273572310701164437274401128273804747198493721470391848920939895003799881407737275954423497178310939572732384885423060313667835386,0.00000000000000000000000268691436366696998943462986907850384238640459404760356006006188914339005866394557441568431251442873919546523432042412686259449327783892154492206503850288754515020963074117744659330660112823906031303043260249325118527623622116862174434844058349835019426500324262029157290270746622234236722407495609166696369744032460988629134948936578408537404000768082103547382032891226327474505278936549571030663287444503353992514885993138063704533601285997657084641761154807432900013035401189082033633884729766230316231465988924622224023825,0.0000000000000000000114361515029852033331900680204159664949489043166719154264894510203272053707283128164390601729848103605910103224692510480410259150761186691154850925058104771604278546773653197910752918025126585239455621485181274767713835372224034732683582463155321212719764631293088094367179822121590617291464056370222368262421533251193497025073122742712841107181624515289874524140366205928133957056590998737140129929717938605454768599497791084171058884307888150544210015317711723372574818708698354352682787224759030970532743169922338039516237,0.00000000000000000063185458361894473079329548552617328628234384301262611502336909497926139148726057179952759034258338860367614949695376822253147402915819034056534231413842324517317739309578290681733533195002311805836395749687878653232460908404558501915606788037640019790389437044201162526788266393209947712641059964314484809803764546368787167142925022830430007513098385597072012357428344574437347326257370823431429002261044284248002880735524180560591365308240431093767909813509309118158644471881548672490277575868143205772202961766675294511629,0.000000000000000000000202849358145334622899222529750153970292367446707386390719367608567363532966216284923231368505899331224280043102189918879266320986338132605466371019150700350345632888636749856498939410710873568493162726197258536389710008848182660041875687456881804961682272862478970530775083384513665756099054376828762359983448287141275739212618176669852799815984866793137401677794185655771709442568127979289357613962332312495095770359305530287468535742738122304475774307292571017584908370393557191666445005643504061008708807044642971314168564,0.00000041965955896258756701309262383596311907988680415490473588273986099917261266209524913990299564892655926771663171152228607484666666169078915591285759469404082276298144171979961193052596954970335007404548479578651669869024004087497983004683161550442645557093143733677550805967570403003894511289759926093409710928947816233692133404824703311204868168229438794618320237342251419079932059562820175764247685148373257110246692530412929794825709041736173856996615884669199335642840721099329842805052118978636123831602888123703889419879,0.999999580339997672000722147895842030240512839497646202053081033556345331976612689293653331424209626932881863354282832237355097718829524630214121113536858780259286797647601272487886679200142243867124789037568943305945887698587999921690568463191928395472326591934274764419484045379192534258376352370498454518431832851109125851873901414117679300896456696085680482531634642054255996815214937110724225804842985351447293696408742613059640112551300239586478676382991711312974541371300134863536880430769043507513809734717159480459048
-1.85,0.9000000000000006,0.994040910965987382611628442266970307442326945782527485407059770022428289052879458586130482088402880017684243374395393530070893544655486487022122052544953990413335580278588671472075923803475240012326635146076426110203550699874978247241809570661942257262654575370075900761484343191352987186056108947982271024007437632160239232389993825490577294834381513017904111386283956546289084567405223804776228506140723009027716989030313529570599197758758742148030454954484516448290874820597810202619967640990665366851584946604216826999722,0.000000000000000000000000000123473940840041203202630930534270450996516831823124511089304230770633092374999644095606397313222297891081220528394360718303085386617590620271989872866979362120739719566054482811414724028544774796061682716930518323656783833170534704447141676037108834440346833842049462913198742581141068253301937455356408300349939753140318832343394188926129554962626506433301878349286653435900999514433871070822012020537153976668812054718485993588542605948111165658356300011667402247375402905658791344088191092061443563858324401137852363298667,0.00000000000000000000000320667704284860071966430901903877430900434327556960443489124318599052704012586910499103067803070842570235804322641024964149856851598000268625442580152625434830663139756108581448811936416703572311166541473304964878808927583842338044795031386465811745291837961858732194732694161542022624490367483842973006877878466810303890205067042037418191214228910013247248727223987953990245671185308164348163124401080137689592167271476204676401342472162068021151080073393057313398798882627522712599002532224458129982351601866914377198505663,0.000000000000000000000000000358909043293787080462284680758682739599632967061027319841435667133387161989736483789081420974831924919685213576446893340817543685877782739230222741880006958780042222140957415071342500729585593091515892900298678090848708151106671713744927355328861239490491385851749307238657349906445432744039771095224632933157255891020374029756688494909766969514989278513700142937551139175097002287493828057772697823108828859553942221097418416680893954254666023688001656694181712258154273241620190839115945070517273768839163575032137482388915,0.0000000000000000000000000000982693097516648153121434927847131148613130015837159852763341402545735912697647405527785025759599681731845758932047642391727972851609378840552393997735917764882956805415175039400242523065543270768211147133296615319658818023243783678192164998525489596944201852779565632771650583942228080324362557371081411789152273904599097798062977102842882533375077712671458021883256673238877363726034164639989663741542386337733665978025209792771676135152496888150368816446161177164279145341909851909140885985470399764666254187426224962010129,0.0000000000000000000000000164762599867199117134885468688637401072737628515399795074986390222440597902519436535243961381488627932966753156604341696265388868920789845449645312835831145820354767775203470436733453332783854746730232048463463768654735147037231523865110638194017264111941268651195814037134558571099900981361611416618452784310023995150337846630159757807967973284863110970150513791272204094018520028886510056977824766248833029508976886746910230332315325138288183053849199407645215036423675478830215164953555110708600117305094168837406036170291,0.000000000000000000000000000000167609180909137452302117414872035950513314034431050024873689030720742297695476668855857202095216789448617590580723179657752756003929574496665336997061525694709501557359971851014991181218904468255727475842878969733359816773689257028581915780431658751421979196799776685074290216374432576050138145785696564455976528233227307781614469162618690714573494327538606849443068753848130810998468023228416307919135075336929147300405815917750617831064589602678967625888478285433329333754616923306689821460420984212397274379419996074130098,0.0000000000000000000000000000000207649253223340921070709155908425973990939679465828019076039365585459217267693737026567368474041595468248355555966958148356530688885066442500452168845521337234100997466276204664083407942756770295832587558055689527751232999485226432055453980955218994968293219057604426320888176443066785881242013662097026128249953653291223449370103363504050306020564830439233649734437950229294174302851679846385421421363733338907679003859352325641890000368598397294655393411650825228059395142177951666100827858321405877537258942165990396514601,0.000000000000000000000000209496728514959417652511135081843472932067028984094367252311647694657230548473901027003284909608683770340927210057383940628117828481478235105256125575526633345750391170932459104164262252232390915144509001698993291836943737087074067635281411998487050179513296717302184130653604713792201788756975644557103158748534474378131690272406064941400713289828766467846506569521905918395285821126696257932339827824911478474965229949623968705840994079887858250296723054157305012128836515922343319585564987691093750720386087545541739996772,0.0000000000000336380764644813700756615712113807139839349984329399803838366874504496218908302162359385324466305742616567162212767677265429139851248462838976618907431057167524463499460405408685993661286140751423873024547788528827516149510209786015187647616449662439160976718118182109448739888869668979962601183820878504352020539618664229774830903782493943426766710528274187854744034713776590751407032776887404797471009922603405575789378433170115428458852848869801000913364254089767286619963831662667678456228846378343122197592186542744490126,0.000000000000000000000000000592340987629694023547830835878576755099900028442735101499667280759780184688041865485226740641353667861733148097185475292492822563948349213477662832410961751799619221888148495289338841042531213166142963782974403985857359747835510448157816610951311394090508082115574329272756629408220748439299490470252499127962434388749656343593370144991074123374261572327071370735678882816577008165166461578835964943669160299960615163858168293355063257352381790333057256662015014257887884221769234899053170775058659496120834641469404098299959,0.000000000000000000000000000089049766837048359199068276717861321643804607461991248918852286586979888558371827352977825060801713821741169226405641506992133234933545020541518058186767319174434362217166750939788951310939383077456290390010824683448268178921480166715967620961563659371707738794420412222834939783999943643339844230143221067102832637069800456328478127986147039057295133742841164047895047117068799729303113643849054439651835225090071690931576499353818143467433446889282863557747621871884130320567941112111805169479839430821283548671584924441604,0.000000000000000000000238993444412836443212220909740921854588681675377400973627832095414689282827392910910256291329719788440008928554253563922901098590532953317620910954993947696574633787419776114601634253022095729802140652072849725428354616132891051502119845313145525426490882891115864504909046794116613213585976510732714166716694487973248478358904070698590818795849734926864759569981609139093450543311827683947318899518713540014026448695938115610733987156806255538165808449971679704818352774770852384630796971600002679285460979279542513090509202,0.00000000000000000000363712754290277497029173012289689832861693398938104101328435012457383119941914274161138616739337106862086139583304722322767109938287787396493622981696755202976218794935788919480367150469590643977796260274266860444986947040924883872802118948644133923015236132327338172071489216900915468124646097177127729001378068986033303265239456938650348665692587406588906445161658214589060782049138163290645321803200320656126556665261427140409093006678562795130265615654162870936810528008491078223291985638716799026862334678847518257103174,0.0000000000000000000000011679154163616730169142715542196133408288356752165285732251594245221135785912566749361604370943597526387527478855093417777160898353241707232417956139210586818246201734458460729811922769264153231267422648300671805999512626368044327092798283934808431224246458755591727810820192568776402790275395310070473767453286430728277448732319923153391330608836598762944286011840151092887205364035217214630489786604746211847368256052469681691825474580403323846774936595972306876421197433385957265337683744210593936051892976548055978395533,0.00000000066553388990531260675645612938762237183624081867675127774425679900077211948172782320958159763367158521368711218390284404655157925145619032662054466469767375586406923456591213339052877786230141202195701898161933930725617805687327139040934580752155944858286495023888823393156122374733718827417235354060339393842037702081997467131177766891056713289944251404167225080300710011681755958032563450273411456099960085840180584392078866761808145970797355312565538640440342473048788552715603984251264436843234580899511604360511915867123,0.999999999334432471786194886458895261462577835941424748951223896960088739573557085982920015391817097201479900164930054531485397279983759059384236251811762656343029220444510399329653490453156139671117403431741235312017535297208947422668705759111031371806871002210471816516736603277109777625951644971062640429902721267037362676198693627374455067773169744358214236876955789579212844561712460045295234969654699650898569809733676466728069949850175531206249000172696793176816451831220650306664566326007373194076432004866510004960993
-1.85,0.9000000000000006,0.994040910965987382611628442266970307442326945782527485407059770022428289052879458586130482088402880017684243374395393530070893544655486487022122052544953990413335580278588671472075923803475240012326635146076426110203550699874978247241809570661942257262654575370075900761484343191352987186056108947982271024007437632160239232389993825490577294834381513017904111386283956546289084567405223804776228506140723009027716989030313529570599197758758742148030454954484516448290874820597810202619967640990665366851584946604216826999722,0.00000172904410325043720406450812790710104420022893338185847471540627132266004162583472015318396801275824961433980912291317013499086119405507075510520046307427581697601923149087304967384150800014716676134410781476764759908868098603164911788145408095551293126566787810475720988620045367519330553119193967064458789447252428250393886665347813484293001079191878956148381337739496161827178456120844329896970581083346459539134717778664751965651223752908541247111234359464917287944504522083609519131483817795464659130474483800024160692246,0.00000000000000472312693383990503379714328378941291365111305670964623356689045260943904326615513838526169488581152786846258519078941740921566904332933416433248930685652346045849304995337578432426520213314724430149017453075386073778905882033724442867036374821464880295191336229182331804295702940676454495152414357478868064325042691564479498038558924297988813823633217280819230391316264839487074587937560715642182644546531393324916408190434354271337792938107546346272686545859530902768390240740250887230276018159568227756814321451311879674063,0.000000000000000000528638508502159066095133237529920096721009529130993262963301389387717221037756597052294253578537205137714968609194139201556347007349140335446174033023891596000133214736565438790076992460649013901627203967957908460472587673270596656918387779478790750773532550469446503287812543478232343113262099686024824190638451701874449989889048183474966481277187848657940502527395056837728350463768054610805759160088738019772006195587996472740583031719696940204413082166050690572743994390783419125879563400520557540299718882386822958313862,0.00000137579049377580304920548445731347268884427757538013733303979580222040863084143335272788429351047583262646391783450868430687378487722451916055621944876301329873911559025167912890691518077895833242433728464612400707731970085917888045764670890347788278573645302822385853852460989147060713148159278275324303148583623260939082507404996283161730408882051076617847367706020141790805038110110361144952388431463085046884124064580867092875698207605889826961009246371617394160026275448213322961973340325573389661080601603422478586041438,0.000230722207292024774832995062066843808820020005952664365880923139721377905026320707772534267676678622442610960097287636662511249330515993845282301193597707512632401588278390510063189033311506413939149904415858725032517928474775902896615082246860064098863054873570179533132680870466280826479632707545990236990006245266239637670141403462072495994962638762517690465651769884880713334655036478159678833821446998503918569910447911721233606422952461198854340886299641067467737398127028943265231104301396377910803578999938958679995688,0.00000000234708363505637558268518285797158142125714346753356039344330265642643783571721052232463920448477534628934858528244217690529182936460461479278877798279498489938786511726382727509301957338420968153513391420215482427073682524149687670238965982089342483293544807097101858321098338218770063760482368122515266249198871742175834493027788624421826061963158263592667634522866253330389749609868156326450052006071848505611233786575480756210594850484932836120685602972229935827368936681519456505359003078751742394533068174977944296414749,0.000000000290713213867341075980101361067884406996622483458597597333437335042504591085828855508486086426509177008130931529499494127739763075938254833239285106781803385205009180582169249238097310729450314736301297236779954951616509097212601051927135014510782869048305417148447442875376992699535719968080882146644200996701462167900884257542831891074440792980887550448420692256068968387558764947349745925487856186299154192700373910080059005183857855145289204929005967213901172066728019477970392327442904035698009707762557576319708162309183,0.00293364802827757082894592806262816813144951435296615370094777574903244808415572563701720195744215491664897212748576433871776977413263108934570631167112127522161228174127026579059911717289924313473122818677510755180790035579355019379194140449652465635777213470166405167991703486365425465856354735746275474945932338905431485442684307470387605032809596573654019180726953709891817105455922632084985025706193995022258745793183916947411585090006075871628171142676483003359622335452915489268808109292621483639426528223977194293067637,0.0000495456520344881337314805472056451842037369020901505340185832925185769987231279693255258912889615369777401125727946477399012347035388946938767213721460226590565174884071827392803958970394323367369436122622682103311457800406558091304787011137548713350446474267587429427970866935824503754474711233143193665071240269737087612555388289807277684643951773526389287987474192498469139745269337599165814546893400228721250799266969479057648635802916183997719485484686310147131244647053702910720092972727821307472332581608692381986429315,0.00000829289532931616476630486684083528687215939727842784452916451561032114053255640494858497671412469646552488389397397453479618838962853590778099942057714124095290589610412817341545002249876131145089013388529333143344926235964439033636190011331900263935941958901552389955906892448363499400839441688120710087679719261134039728845931233273985983425897991137829464033358905852684375426323871514523676181852717819484954630842494800059875679483913662601260871846454013455259657814831567314518001599895334417776130687859930313939520192,0.00000124699165830377032883797090314321915515143338567203606400058599438480066519187455688350550944328292914057910300454179194156892745368466698931348306277633291141683659065831290143947871414487967463102036932296272526921253712822272167643913763217230072742803980149869122817492551558519086420988277011930326877464450201990366674318299968686277289508341586063880271596406957729681792529819130663478488781530391553413366099251148721759811099604927770447272656907092677976260786870643528677478308709968842904294713189272658664053141,0.000000000000352014362292839321014650666844249011433125543235447737054706910525981394861649727061438616274440342960387207260783514774413243492028525743946131770927264796145328357118722578675866737909753450751775777740745159023667263705592238496793964126422377139865651210110652108571017545576690936352126069105579461575709269682790181918394572964238998676238894677497427734911526785073775549998627941460715325012998782368893053980841522004586895985518458288951797778769821411102952941203683005126014250411313671102125189395491230335587476,0.00000000000535713912880815113729217100973869946895360943235494807799798184634150228481809742866756702391958598964591602189993085777254419908006864035369735107719564545359947442259818552598703109643411869582405660257030082767333726053109594011553460895023526273519764899474149489347570555029761052244700587472169696226446173778508723671627471168676582029626786872946585155686767109124108304235630098866949736471606854740453885182720469188658302116717476824097165387758911393137856979663846401148306579747254986412042852395455164297559316,0.016351055394864836712631384548161255056187586953368280862504429082833950176633092865998444034482873440105622490858339051236805105703641924624384870238069050643548463107359415757626723770428798996338441925923135678177582231603419739638018910289869144147785275845083818002000696874143833681237943084750831041695402153682578724617519266136932850462064484873539180679957335124828055229541094781828066042824249846817202961331954476762866534502316844046377563949342593270968118736053797054010274349296434390210703491260386845476927,0.980267422877931471008495576789902630124490841145864357132602935617772970470516040422194624537821852502126765293809721725783278905841899296308982993417486596958985053609370889153701649565693375771546142248548813079766361525360345491989137305229114038997708091486627304997988115555236684630483159950301783422796497197631632789927404672946508187805613799862918603527364008386908606108324344603842184131255796768548926334295456858602447809601051048424448776299963091533499573799962314118043981294239892340230636238987439095429137,0.000154958138465197941531122521027800996796414237933903164400501304813046137087395470438887679307832442041288420854314029795425543053236968787176402962437794838889240368648752227276593211781589783168575681207228637770123897810495571974423131413770219456302580964390559613272595896786993303909402086452077448177265810366353262745042193205548013409806243777146766590785166913549358639735607292118398112162300466228105148047324265517562113991774283959227454671304889451326719761731418346491742169287198882026382417367179191131027011
-1.85,0.9000000000000006,0.53406178502302800747402257355675653154534013400733032244953889560738653011623297520643281250779391122826798668233627603005643957763915265710130553757021997169398981671523220750869222481484749887972866683006803156043110248297595889102303287972059977739032401377464174012618043359971377115674077579534947260669573897609201532481483332210024870755852883022474156626513987110791514385715221103760392497732635438162458176379434347403700881389770892758045941005477283913384331415252344986213566754071697296300636968544125270450783,0.00000000000000384189920427887912310832465209271200070860857529588423466513833734978236745362068945292303725291331215263903522598065412587129409960787019204174300616678539952097904039896749248708314667121577335926048612395439205893786325038192267475676762545822736557920427494931963011819257595322358692851898820481426271715473064753022726406380445608073749185708952050330184670699937908900113941078248434844707113721011558815642196777754831404583175729959473849619572639230826310722997251559588422042128388090653952452287470760313333357569,0.00000000000000000000152766134189933862276908976481757501065190665645581705136344183421933321041076974238948896183079548881317233041611293386259508616639961250396337937100593415234418598606606473292128247677652271984926183909663464053334757498166639017608860854954893424226459236716299612587990889822084718838449574509947761401085998208931405923879262879476335357650454128256456920525546610231842353498755233197871252039655618173555372680012740245988489509116775981575526972308688612271207960027631932696356169579216749857868978803117946481450454,0.0000000000000000000000248838445947368265343888375702089105201833137474410894146090400682969510363192361430735446316207264783917456167436529869540414187499936387739841551496894364310981899210789077259767181793386861950101720615429010843378305941422732875378177432675666129448091215678787807984874458816670349186934982979996010247847878423238280374787055754820994307265623304630634316667372432347817812551264796718560509888070386361167506243854295482575434089193328544621794931998080585945090059689218759796484987946077127354344834767857955966058312,0.00000000000000305765556984249596837388517894344851208109868314331277335430109527475142219971147050451845767582102381577279032739406498057299655374394416319285941951079362257718666549432044084407522868797702013231096221961028826298195213306143573787909714163601441594382316055471489767632481767636973674532298173564442097518817658265919725225143758911264162505007679636593684243238728410783142169999579836400603985271893388892451022877458241129518600374901124853374056052466081364996379647524617171639723706045572593591901508018792986109153,0.00000000000000000000114233034991101080734815360962919709577918386986639277562737083953955227288476546937362405286097368654771787904571346615815302169185885892588756741350919711091475259072125342932863389442050749772099296132775159888589967159369982141581001268797686947972656713538581832303260089375832270474713322407080702601506362383295295732925074030021375485706668669576520617465120780144008011173352105976530366181350964187485935149293516475763058412195580555197114891625795856124619514287880129475954400141371216973231545987244306419017562,0.00000000000000000000000169156409717575412741381569572280730538685122234719820255979461788089689035009061600447192888434320232912018048556698190975885291491114719888829837454626140354129771570807337406366411347808428839480432248660205924023686152836546327913229382258665035241681433272222115523175988629753327917298504597145133430914463074750774189368167150211669648024362660270907279894198027332723872983465088304793438588590541483399412493434025083876780730100844710254560327523799517306357813179530612458234361483811885698018128745997955423423095,0.0000000000000000000000304987641640947312423441039297477753348809510987680577132296998271417045681031093336490151835772621522650783221426889243685048287137905582718070769725709004171692840520574047291352757129265479097462874993084154095612705101614367571199952327501416618990079476671185874915639217099369059610445539273457171848246367756914258849923492162874820730757283995954746531551500534147239085910413377668840928999678970485532007578742174314611666148241865820472770639056154558027330783954722207730147214503745929108936731550377713032945681,0.0000000000000447806431394106609186339590253197670096877095429217720330143109926072921098646834350452875887550834995620988452796975872599673907834251110383295870160021790403114642649230966397518741098410747403932572825531384451902494935601426018456124193578235286360164542732641277005093254828316615275085165525562055718986404888350627212948511022322868721849002391186686586449798746947213824397004130576514671009130642290297015203712929590791563870031038723498863661754124164496022731016716652569115921961681499626734626253822260156634428,0.0000000000160251838099020801185907691141308168691310927177082939594431740964878331200296268167266154178657623434251351375383950438127916315511653896147132561903957649667857776201029983439286986526151282465065055239175635387180958242482094348963726801043579714482133688317507201194111865505563695406892982519946370533429173214301970486677767055012622055039571925391596695656364852232395690168894014149485887121368035704159173512881263925462442031327835381138172353643229032737493758403454810224883173232567955975269443414202891054472237,0.000000000000000126614914571314212452113422375690803520009435585909129614926339522732716980129537804673367042422970398585837736950241917059160974668769624801663538288577038486276535246789500193711300745027070575015714209934795946720691574402275730007232927332944958351254531041981459768774568421503694630569345365095791105744662926593850600328446344430942180309001270001591110155119552201947390799814323230827232097539399392737522389566840389728633328208592205771604419578847384694924825230538975936892514699633478586531128358634613140318271,0.000000000000403240975596807643311602173952918922324044639755781442446610001415234505323279497973181319717274062671266974828633178700896643468558363055476976011054739330049367888698687691177812688266593275897293879259248246840816172368795954511816351695194654906171411711825045202948234745948676274334802577990107395386308212745587523447132600167166025114314838543618691146319603700661241019131886657229203511471048182051162193244221258057419420982797602018445172571384576111196902585234100451635503102135211837662130620137534692380781018,0.0000000000000000165735457125909028228596700495521378500822343812033621497268750739998369722194719315140736757490534799623879955880820444282847648826884707648964417293389969722867239132598805848369915657778947027902820117931164978648683508320324040734073839917817358437536871567746332784183813500236145278494045055607944211018788631253903202691187691206049431256791702068336453748817170675704764910586295189356998497731472286818904961070135029792634211446232153311720258765900011851639061778209408521935016129258217688317688290099484918232449,0.0000000000000367070248482311737458742932509156077889825975728141568146813603559331209591061753910106544138587800556888346048591063061204131551483458037131101784765053021970826951633234157819880519532924756727048033848069206081666087231156595895101512292034915991671277446252365442354571596936514516218874782174052088807883659148305828441511535048615484125425285644023348560526130822205305006107774321105933066975311434002623632866780518559589100123582170227022409322533441606533909432523134566184609122398101304762658369158708959224140601,0.00000000528863093791166321933950316819301303266069252385690003980606974161529184499091614444130242617908153976614976670705638988196796726723471415092390991497150860663023356528091571518584866872406082939508699901641356882844408666675901512753651552623472856129674825195556817231055795196230078931228574393955467899786563298379812336790288662926690840104713447897115766739352397416946705427463273591972451168349061815636479541847665144467907828978328846949651576867517664950386800304083178925886121137900601144384093206765598798682386,0.97751187814785329442355499120263263069472343848837181110225785497073609248886824994718329359776628727294969648307469453806418472848304029121159697073213056632164231157442769417829110822346167441558032799170171474579842225203102979512551288081139452561246029785274991904660132778003651432359696940782496326306406452475966392409010484094904913595874571887949559829380907410787063682259267313983783431268160744494777685884619500716984139887436497885563459099770494056055310983514415737418154423140898536782100654828248238878185,0.0224881162119043843059961504783232543433206379829429254486317951676784989967336205109543220215643012040056358904646059549132126065368468733073991862311063708934050558385942618677581022290719034934786679689418934957316647212256249622147872746170584346293464894761735783699674397097908514682201386593998232091224027132315511014885861828704512409124552364581727437783159474504129489657308828687968803368431701491765066142171059318007600220060059918292093031181926358787609880293910628544546898829199572572051547216171533952705354
-1.85,0.9000000000000006,0.978699505671626732958669628941083495284160172870072536482587577262219622087392649077565579001759199406599752728359692663998327268603789259899766599036427662665824300827699367474447270950348782789478368317011157413975570770223341882592553852937248726072226756897388327043773881315290093680873280454048303290899762022145915902087438672982833785500733000669846672262875376169144606320739558292531967809127582554321294231684099828572652605199617577255307409046339813037013807306354543598555619630260325042989452204638445690114062,0.00000000000000000000000102619914833310733678560889957733396170214591586953293107395342645805658100101197487899651403386741647603444311913422275641151091060786768640142060405048655424824839272755446628152112948230419280050618378826883913234770385647168730707274024382195012095304707227671970680479618265839620103804001096352848999821785423179456275300539083618404652374743802196895128810621447634194155265324323972669070243919290192042946082294489594218090511917774414067621465990947706006213763604370692603493490341138049672734445057823300458728023,0.0000000000000000000000422559698077243013539989042143648016524724941629561273024793941974842827464740867501884699596110013172190190989611602439616819017952686674901248761677119774148028779990605729997713627157537922073774441009077342610185986443854278599904947953403577912497974175073123970585481154711262329912388996341997181220623910191294239605587814664815722266018734355257946191726888500660939921670356620496948987794405960691552468376259809500643346728499067963914427294468685490882444638281137188974489471461436744186242227469416942855036542,0.0000000000000000000000000171742710557745130267932563526789214192899455951779610290221379591464477103824200730114283063661045462984075918656828964442206499537500325411082223280768500419719182923520008533155430093026873331536195451201719439750049624706717450879984650372845414474233954582567465540797722115388110265717375018777561403888515206351117151329245257760711123230912479851332313719421380022234412653915242191285492043409681612282440595621463910497108632038357844937838258204176333225069908847650516638916337377428368515308369790367444240548245,0.000000000000000000000000816721984317989579876219288558173927686897036379227017911423829434893712545585906864403359673106820670854889923314698224831790266786356916237326221794253350125929495874511637072867248497332050640770662441656622096613401495163123844019843001796249930378811967519180223230063294382848665071965190242093818799438047586816595393221746313253442484213463572953520843722653373359059084510729185298454508764172762360448444003360079415171502372945874033719164764457332486741310548962174373050591897569220778302960454272329516848392568,0.000000000000000000000000788410769482103411416348519646093067893226988194510001415301789608506605555257740623313372449926980935569067136203076456845618623160298744114072258141149601878865740550243761635648651918861037894247356586099349621597410863301817070246703232005981298573322594276734812494154931063355184747739445471736854498971608176159254812202809185222798519343680661490898894429662733880078726139472943555266789675687822299820808186497572006208578792217081026658622125936116564598031777600143806777807158635220182008135986762532197004236199,0.0000000000000000000000000000291111961451797785739634735572278000747245786539977186440202510595330044094363055290944503462422685039705668536317413800013426596662198804109919861519414862686263522029533707802650444578599507241350050857000262211998372784142258810937681104491531047499547795706715990526189135772595316927983743000384707285001670212849692260699922441407666863181244749029577000464771388985767711448629230411089838759130577968670680516991822979947174473833704357210957998753930535168327207684390775492932583336515946198421360962498433490569124,0.0000000000000000000000000000130935472029855707231012891977690161948745574143701043182714194836929595976284562101358365301902662295904270103489452394712754585083005501068715639025031077161515070710047930674542478343167875422338061723049322660952836235285432022927131867358826105132000078982179655252085865216107283809962313870931235517182976843724212635117048757430113002351900984987212846072304613927419022081763912934523000168925491798907497208664011366346231928377568259120986973308826311113499486378001220096879656028410694265522005359674810643133426,0.000000000000000000000479588640595302718070293073817487735854354948304435444307973975478970918496637794960272145018010386061030545663845148231470794226282516373641179106304486820048933497822414832509319477906740540459572620282018661273998007736754283029849107460408406611659168597536921057424009203482452918561571642767009066933723541836871781190910665501318559284292315280196607459895011144933611475802713073821583477454687585245317574728949560731099578678930962260674499159295897304662723397107498128507188191216938267902004425031166643846777911,0.000000000000443265575073427974290337161415394921249113806008630320836391677601558554741261430763930434603708770802177034704309001533443258872709426687063196010613947436971195383622670161940616941136400416605397471192562412588373485015835382235080609889121191813846456349406578796763335523416166654659095220458244674254277837457974985068290974802194109990470004521974427894623748816058630831340722935829585092483951500812065628138813314577117641674366880046873859360888895475556917516303965613779896572074940398977110270050219284091380194,0.00000000000000000000000135601167158998779015700223038446740492973573067486684099214553714775990294475835609273732276960970303941768524079917492326801538868011736235551945110795175939793048665340306840792244838325396861107482905886219062847190397564013432762339315411650465539763689074345742320903569933634781019694286942059197708856203204363203048768898161348467247822003449117965129036258466612292448549698733832822570928398080953220402191162487252342331476157343746863356417879893812232765731796584717549611415739935038626192266727153750404723552,0.00000000000000000000000268691436366697648827465380533384433796938334759602039410198691688759527388972094193333809260799424818516179882746709643445416851415120582374915037025444942398536576444609752497520358144815240728360319262742179258271909193813975252527083100266391116065811881097977201970268421209562901083872153276209957293511983834636175229198278428248427341574984125890351083224425459804061005441626361619580091869215015806312718398995783443601292122955385362853016099847199141678628068298056203609814573569417240202139811811399512896316086,0.0000000000000000000114361515029852380367769208499122356754083578773249407631976676846516782540385095476108303007722104045764465163990994885110969667619757818592419021224722055835921441384387179953639932395961584073985233846484345369645022166929792978598516947575622825243283538181396351880643075097837422285634634107658774691265406276754372804407261596385763239135091597994158055417879384725923495393932694937564317123864967577439756477430917281718837203809945396983656418921899517824498293146478187836002194630709331298218594643827466457316301,0.000000000000000000631854583618946818431998126434965220484843550038105995972491059539743695675230673474459874948359989167012889865045931198753617486132882724472514690992192775212354300986365110670124548882573985620082248664049081489628551550278390095018917913218470442258815115322872439132782443928603034264295890212731288931241717577206202352299997168631123297707308060278028561703116843767039854290748973281909470835878322825171888088188510452385394660024536217040097631432950494467653822605799378793185599721292736117643214399302548342735915,0.0000000000000000000352319001566843486486473281204825943537030236668548368206830787290869353471282112306881783406311188114362423909946203237670667488987061443645168358548621942468430388164942279041038977511339863533707820622804063500491995183547989144666601288543027937348935601086696993987932021335049726653002159669734499449376779986551524032743660683486292811079312248023568794077119448218988466180692480964266251812267596735840706152657248823812626363444854120452873583102672277788383692023740116789239433691317335353005719491824637352113044,0.000000419659558962588582043707329179285238861125229290995669421670273722607325300210213997144135320459162197549096839078790725696234487595213355572606744336242436809546413051322441878200426625875081411317619433738532237706141763250527562914614567988310758001092967903744093886534092606476031556771187272744427524178815597127747126964177109072650340521905228754122321944715105468636538267849474854155903790720527807171340840784594143511538833465080956814782859970938677387916339198869536796943063751070441928591890688944287214760362,0.999999580339997627296555624928971113306473961032044313516956138973208665615691442649359047473757237027612563326427139780433092189299853595725822824840028137151501160178325465935201107814475171315402081246406153561355247961824650922911834734070006113591528668159876720444965618535370595706511158964442954863129790448312458050973761715225436035220539308888238179316023148809782272637630171858312849630214774987997752894910647716371235550342058280324444651055655362981704680199428640856800920993519341675295038587628027368564381
-1.85,0.9000000000000006,0.978699505671626732958669628941083495284160172870072536482587577262219622087392649077565579001759199406599752728359692663998327268603789259899766599036427662665824300827699367474447270950348782789478368317011157413975570770223341882592553852937248726072226756897388327043773881315290093680873280454048303290899762022145915902087438672982833785500733000669846672262875376169144606320739558292531967809127582554321294231684099828572652605199617577255307409046339813037013807306354543598555619630260325042989452204638445690114062,0.00000000149886632388712562327847811702829598286650160541992951925582985570042342296610398389000620770569105755563632849431226055048388635074322306002160576993729548603539688212755887546935356416037892308914963906969560175136369177331729868602551915102957893891011231719131708581713278055107009105881972142442339686597244997984287820309525105727867591345300340334481012617316834551209778252508718557814316961470172144793101344902422059778908962988442529892905614306786627089804292186512935233222378153295898184832187052273668213940922,0.00000000000000010028993944417199528358944329824544818561056022196772175914490100321267525781929117249739421302568660022222939052820438992484843374368881334995127914755121147073033312814487712584615020975876017786268467139784163543542428371669108698520418161792524032100944365388676086473594886644346196878210117874091366547497954513682033264322234446701511570385678610233028989206557484993983394876760680115526355331132744506248049573950038440732330555712900204934657648132879697546502562451590827385959230221336261873334429823598581758059,0.0000000000000000000407522175069673987260013267125618659679501890148576417690876808020326855105528402498383183486971854900735928787595208553957519791012845702768373644221122807654958889563272656585588420278265122201172847543301873525036658056383791479909387026824441431247574237686976667966078822908628078583996811364931685927840344819737048096121881283011933503785224636943499628251687516930466033461654863879120414069217861930548887981054253279977644515103894606543121710054528151163996014069690032269157895883348406245488038056985916283693215,0.00000000804665456907641125437284963887377225905964737492996351000408179292125824113284492312130769186884663575431938795793220749519238415339495961628924408844075713260500095317170702980064413185817393776731731456877834806877852903566897497026380183663588386053503055076844381661997404021512282628165032475579811423906922832462242833570447673833631522458595069974855326090638371453202634451356240624447942575263479187415423437948350201825328289689499662448125374536153532208290805203288339429022642691019232679962977441684958149108112,0.00000000115155265299739823253418672470440927740706574575599056274397603187970161125997784859700382792691208993422230260790813390876498281456076578735541950828493811318462023639903852363773459826202855099864730012420715739266925731521894846453671914534107362112875535648750814733414219493533542410124383508435887198910854134045960450005495174282939505749926200686768607525490947363188375297481267561660811148289227110907232738480568093831011736795218976925818827451886749423773780466575352540060781388305472173013651325664473022131799,0.0000000000000425198087729448913769035341866622837343464314280298777430030051896121783885219934825445116198517884510644340966990486305040189989159397092746318772987194093123975920541040122816314183090691369664790892137300461263708792403075306312398071115510784938350653063989841000039121980753841313206165738652278841475298998131838540606440253671683316640893668322767071434074053808266702200805820321220378532797454079824894438159362355183903836914919280515701523933761689335325652353709743417215668811354186297446708079264684654070688506,0.0000000000000191244331031261760137226456454081610586905707253378761827406345982338377369944512788354825672529002828244227373730080321696381109317277799715954997394135087992184933961875264625417656205335435505954228864385785246457860059524356104370270252209127847331405349064863937486119264241049445317121446901392936043925999828764085504503161253589217933574015993790025928278953506667629991298146494626952648603548684410879183202956470159043834099339052319515233269393048679095960970543432694085498978761439089452570819025372644984609597,0.000000700487097338506996861959419334104492768305539470406169004366472946748647410529012089704913169116506911152987799305284234844191532771099510823991448027572897876987949732554146658932930245060446304602003910922890435952788268085079520589287972037205271866236768452468581508662733976719781521988518601761909665047104182627831995999228181104154609799242103636384462983863678135676566088580028590943149162108274610600954607236724134534044384708181807154037559907269168965477074860836078889906267915620025128687056207891035828445454,0.00000105204253704464306566668877171443663456214413145791604738434954020589937727012546725346218653915758442920979984166582315941576150984605189517996520735284890722075773009925009681473193339102243845511547465982533723241068628875591280063854292034571550642026416779553613837245761865799693946376804609368462428732338908061001596472847196632862423034923207628716584721936570355128522218286695569835660306083710527130211232800327255216897772495873963551718205412587691364280153104331327430880578558767864223989992194521963614717513,0.0000000133599409865673605732520932531440434996848213031912662035077858518470393598537985006126087610005052439016543219364624695016207600050569660367554593157186638338979335457661420528975827913296623615630255590039583832761103791532322966190692055734408343583422436380341941357745490747132807524421504829517315449802460065235055666947147846882816177792113030101693034116556497139789578898629176051835445515728134513781288142312932083282314037676792038115402551662972606244136102056524621995782193211959208651615172559309767269696961,0.00000000392450672114742061079611128006881680380382945365232415246957668184795511097980484771060437462617625873259649863186856263474757206802966159644153191137632513005260446321831915671473359544420434990958519212983116860796005023077853332064138471544409902804174843733883006479929109600111413121978225574745846743481854824868470271557181176664146386394541841298012911470113077164167954119602703047034717961985383730313200581794687348686976768651112073902004908925501951331468136220064025893756332102740852126465081914207417914917409,0.0000000000000271364375220795827084216240589240044269619980654230589403346382939691793353379872762837404267192823387595894643365166487062378041840592549014556051218423643088437332963958608999249650587586165320075228695988013869517678124838654738663179871364584882653627655908626932504398574074661093220549257511042296813307628049052730725007348496114133091331384363041367082930016366865012511448042802253212165652362134774847673598947989827222699702340475021579914538123350625465432528014190710996387047725143635928873252543374726722165832,0.00000000000149930528875377237488865213063040470642795739538557558298705591390908921912412109626927124576508013746797364005945283171739527722939329148087237786770987272651647921813100607797204331140364610003076312845342366715019177747114254539363154511296848036168514466716025314475152480842133880378231838055327619475254650169112040057004954880661239768103353538672035312518581422760828370971079774705416737268261847031394914702998678678416881773652497891421431291506231071926091376065763814057894679396585845439674003662723176853187592,0.000347195063433558025401576257875041176571897284992005138662324674887596989830386243341633755586018992808463124721821252723452203256111006467695636358776112437122899748704057250696479298982543728005972106538355113749332896775839976138508453295989646713671423300807090818800821806216001900684059116496293700459880465897170982966977952928512728864076908987434923947350219123702255986904577262759901728109060920276285687798491960919693655356971428387198622538593572253649037293855714247136377164545630379907428971134031190667983378,0.995795255017309449854855307086913751105458801623667092088440866876632273370021754345177994915258001641350256016970443541645269544462212015345076525585009539950841855290330025525488496978724930145272901411694813977075362419047916543870078939089533577717640515505498698209700371233536572056131280199344732538537538327715448299403354597656569097925957506149033452731650585897515776197237022749787148649847938657953460156886520569545303512682921997356149223689281264245910242001625130857847942514541193134688011818717130799212256,0.00385576710336733295405270555258947363429750218526907730813603698208330714474136810360980174508721675330742808509616306095465672056786568680707028430857572570466345364543090156914930409504586734011612118703010705192630984851188549825035912377209498678526538808165554191808723599362586427101863604403167656186199644531946336783130825658426748776577088631333399938671316754103634222491298758272724296530146126012603424913471429725893128645539431095369593014980314030421041525055689547036384543010468066305990236634632839151562393
-1.85,0.9000000000000006,0.978699505671626732958669628941083495284160172870072536482587577262219622087392649077565579001759199406599752728359692663998327268603789259899766599036427662665824300827699367474447270950348782789478368317011157413975570770223341882592553852937248726072226756897388327043773881315290093680873280454048303290899762022145915902087438672982833785500733000669846672262875376169144606320739558292531967809127582554321294231684099828572652605199617577255307409046339813037013807306354543598555619630260325042989452204638445690114062,0.00000000184699462123909122784877345677368570988435802981613409442960667986199553867777263147080943543094345108579477570965734536236446347798429270703199105085401199159320007310265756592129621127562534309311354525366354300217214929431310599018221089353711988208275421393360113803008905335513945937709185274148935440079147078746272721409023499640127778154790634381592904166301352161346782001094052928873274519334099547594249242181212358634820234476388824204098246351942735014596371374501416996959191586802995408841801358628305189907626,0.000000000000000100362556608775367896519013723809556911520995845581391997026945507261995996288353853532874959982787647577550839524591605075338929562101419434473619512284356564618871039566875335740490255003714077150289061743498146639076712859270491931043388441603892393906012420830869894269806196196183734492353073366667024818977814161803818330834792771913426177449298625330322018218070407963331505917063622045069390210818486994072878438285304348269019463351109244661250207934665048363846372394499901722606243856601602765814758573090575390796,0.0000000000000000000407817250578049696975907485202338303978267539816027321273887790146061308329797726028693597465140329542869404941008278957779315091811938084300406043800528620608491864579799054913614274344232519540346475169858000607874224961349170916556044608161929549837031663396075376525894833799327582272521969754263089527777525267724591538052015122935609228464208162868135939198293754334304472835852974745604882997444851936118719247181105799073519537812925457060289491090717934052102149939962954109263046476442870092693588806905101128105627,0.00000000805426784131106912479351419679664355073184338917234992314965082331092969966868455611486759920996054205764439942623099659590867523322522120514620568187725945793234817859215132385507596525609475153123583947355092815630605012613050676425922245274134090569779852737711590177713340324580695165854928953115074350425746107552392363396108709801777599374713428512540917499863509551393513614711397973009269848972250353813269575817663232007103966078137110654282356408579027532464455006005468897388387783404548246128492563569219436257801,0.00000000141901350524969868669703168319599324353875918855469852916428583863864538970517450219768046590641382333013461647565482634576657025122004618648212784589500081345742541677959011204247691487903819675342326506211158500151837563351277401983059720377143859065420071910346424209227836618670633370753705274090267297659442420490176809699874153089476455669151572015918307384642167534246495395335215626571873943705139840239893499794875722947931188450772421805715033781265967026052586890718848388549379205911795409182419187152420634909216,0.000000000000052395505088189592801555348891529787888305291362077951928894369018418104125742872128904992967684681518669743805518819629367459045948924203422113433950439776584495673019294830199785173476360567117378001441492399142734627184295778540491253595201253985624482060459270666867968841161316663063192316514041539303976893964186358808181667378563535918653122644055630798569642218771283573639695865771265496779754883858124053694363307505463188774230004631784807936322731602163341852776856040411394949713976182638802209543630473257284765,0.0000000000000235662944138445638612898650574529694472048749260270220809923405091543413818352998845824905636908303379406351684722198240482573760297914816623308095331208220340720737190154200419986426566768892792896304715580927421755618772912725476429286155095658362492130160970910225353223776887293028106482448059056323586479586433799254438292389885553540980353246644321069898414207323265210161569390582829062076941179704017645771620305950970699299481783403158603069639240300345838775693649932499827319947374108954392459523037372202306639428,0.000000863182980638530322517014425807207091372623440173260244209968844761276682679619763895288559983531502361975903285853203730019285158813975596085629874713782525866859771613150065633773097317028128216244113055231047363479393195883109202044018002639351213449639487673514332813593004716914004053991790777464066539165242149845279405045652217503105847699235027743235004907143509245354022446197035901773763393420220519129655886602348491523241868292680866094180606368228055921763816039608255689653372108352755680220360427530781486516123,0.00000105280429187773854158759914271861603309489553287984196317452193620515633138745856998720742665396922103222531469472215862492709949354968723843478666106093345931621671805203342026764011423640311981596912924446266482393346658264969308824094879913399613344526776699241724876620499548302063134797670376397978106194663356875710701101164229797328716453051972733769604127888203672538328162836111223956378152864146622210992431171203904973128464041555833143243856241258448111643043594847094478790259173191378923128286167403298230497201,0.0000000133725813785335557229688514947340310665543018152700573575553400054927837974881221752464628709004391307217517858651874007467878535231592969932687334054484158319370728033080385898255994964335643544502099589874606614146985001423239235610206522526219939959982141922079036967302227409924696999125908332517214905812043876533006812887084913735237410296127871928123513855006793282529735524405179579388645914783903728873888322860510115161248524679217044009649020207317063583035431793712551734680578275825995341523762615076810146979688,0.00000000483601685451024315646928401857680975022731874247108488004437726357961823615940771336238367031147346543562435781877380568179406486383907812347298099660789997953847139844611993728676605331613763607686306292016052044949182956415016471501481594739778788907571288166221248117140950411366797878472041561189351408235045087670670036034017545368759635319824736358305482266336253073127978772407840186753092461584060490095438787327302181826588883020313472931240777285465569005682723957162372171570943191501753130718994239182316527179404,0.0000000000000271621124264216438051426849992825229074157384485795958421162505203267673736034559388868951621992383321258219761739355144220408850691238951520906695418010738112221296423125947113901884653404007036569287692061281514101234242310310352879859793669554232343730229975142079164515048599578241268290120344189651272726055578836205455901403730508336856694501433009253051309802595378468542991747316059073883444550246311412724344887149835629766330636791361636949178365032495206980016339445713658919110639869239866216772884413430417759204,0.00000000000150039089414497846207555753046986989552977998762636131891048433263967535174354926217505580678616003807192738077175779224439748974672686190183623271918251377469284123296071402320941415512033211266553039408439257363187982474374336287374032024166405605055619307180851142807590365460367467625501829944849030267453004326431551633731553073716304244194658557297767142627467343769795626193793107970501043048429950913245701692816581498251868800036215586145266933619275206415625043668066991636076482978771994296001361288773556570761804,0.000347523559023092066487692438181511876336987547339903923852110655216279297179694461864522070676107765487406029511310085076544082639579435504544599737387137471075697492754045796296278434122538841636228858571308129352434195789582043041763629383778415249295844263830801307858342109464430199918705377030048833265958865050384526687945658015714816140746216523862498797911506884220251046681983038427688854447003441145834072627333514346414416724377285041619772582872284648395909297755519160924310934330821466687648255655779218637387771,0.996516282752948904577504372333224987935919909862692909541750537083379200894288432043849869928832745736700058243824176232465709195589841447032591692203773928024216806967474502682430117561232733795891426733196242134578240224072866997316351107064641672588426358746295547041369688821437454981916225377926720506151854188062710957556110635613434497615167814204622000529940767140734987709526860382763157749916079418011859836938858353554930155434758217742418067827239829899538639440521620527409062457008077142422640002754804922993433,0.00313424629811420340018575052146835937988254988950387507656082359666933702301210517990816054050716538397763067171693015832948970242754068740436059901076696129226345672233790805980667567802551673975514913277394138899935297528558168704021926709482659550961856044237660488629369822016377059378610921043113674858510902555677854291654059237509647742593743725291576978837791871737252663753546722023054529914968471194695028526987536897778489169936811259544135372778425557431360762847069836951879669234960467322628239574827337764300145
-1.85,0.9000000000000006,0.978699505671626732958669628941083495284160172870072536482587577262219622087392649077565579001759199406599752728359692663998327268603789259899766599036427662665824300827699367474447270950348782789478368317011157413975570770223341882592553852937248726072226756897388327043773881315290093680873280454048303290899762022145915902087438672982833785500733000669846672262875376169144606320739558292531967809127582554321294231684099828572652605199617577255307409046339813037013807306354543598555619630260325042989452204638445690114062,0.00000176176152300639502893217125043623395883809606767870362950936505596780346100238396622552759448170474098243297542182536880511315430705405490535821818605372216742269314180178310542619561677252664151711657166298487038955734693791207443252602265871295380857492316112963504808019550871272734820459421812966871799626273610487775137369065282256281242351777398146403548554844722371140878185924448723962468680788424100642917691431673986061468809587661764583167381050824064195741396992992823117738564696948815402874419789093169143027114,0.000000000000000100594198855738409448580980121986461560586440586418617797942702602135802518529811810843044211948970984955472382381535783521243605928227940168027881950584770294264162514383610948532734816727681571207509312455228800135755464808162676465762861845674738083908032014789823249063554808900968168091707058889743851523202223019928753576643935158992046161661955053285960809356039537855106273918428406546802681785933152151494835796118446405187140295338303005607465390769838690623452749360598811806180272895410926809227337205330763271053,0.0000000000000000000408758515004408279553525038414955154080341062160155853391178705337750886907758010184219219984387790817252285603234687559336545494748372434469254826862417538244424867000607574004580132559164993309269147231653706556593155595805646514404623228599311445504079183410232893310328496351331671773979518614786842664577135547599715010993133082104698041189341803802061770730175702896782691848647242721781421135688267755751415077172076157334888980389729008043729813173692536602315810924363216002533090958952317136335852763532144353701256,0.00000000807106649312218260105633963907707677516529668563631895833679678791584926712444070814514569264708393052537543637600326606036377460366993348559686330559747213518527436906882870654326589475388605581038692970251873756587768959894567687958968368752873472443079691634613571283715165948965193101512626598199578600283601318003671400724852746979251611855788170534423653534975285002745882921848341442080726915288869227514842070191418685040925608250582957036402651871751750170326061041908302501324181852780642867365809431621543610582893,0.00000135353041391003320691291507531860928803487780601990753717676197564379382459811982593430886794790710594014016817683153975551978081346210541120891574505589128671245768468450863210976896905756873924000435232277346114519206117590486803425528435562593328796438713553682774740321905367336905669866654419160264158782558094144843716827653749862270831549368199001745677139571209405108958246812899482286028016256402193360681461674832644750856838687111930154021649498556555674899990967957491480884178739760339208533751445416219090116713,0.000000000049977614326202743615489756619131780550315238635997744090643208604045757589404150166761678810009671042897247954401894865027822798611600671168473558667140722345498353783857702794018871085916490251272622020015131854003775243263980457711095168374421265423735428632277885499126771948267140142950076758511315784294483660786426485789258683396280563676956330964747539455258841767699400868317273762768954103123217936084424781459785388132547203482391543805585679250810691154603538026140791225651830085101543265481174205010835689546278,0.0000000000224787826995936627960517259185153842091718537960769082665345219855054270760013586844737034306910563340178688957462939872994922738786092293159792004824199970357820502352244993217447107537206211003328908394580366739314088290798509455973534779995515544016955354223593099262649460179983441721878815369075799539658205306102568162270310656290567608219425790527305258334760435249005978586287550222696177419012490924505679807637951067052423512010880269121414324182453097459068616183285010111013988963508123826985468996285159455016913,0.000823349751599563093251840912711298460173127769748574683525857484651494852755898738600898018228191757278279050200563193042943613779907174807528394415835234982842209133072973064076176540409089049466881871233460954105298305889870305534385529536852136697969750339994149415291346153956414018950310695824789815585725450622709106578936372802354585336025724493849939669838141728557115136654782573508140728770904147368862677504097928195105425540095728442866471585066037387910352971227305161231660695191842048281762144297520475421661313,0.00000105523422152504258072986030195243366192636020382914038149317560490754038368398422452900957658970779299440932154094695805691368434160431520671112031355485749195799758530147058794455044432771753096883562128959824701556944860765112998077439094030870732823359945438492122642581918271485870128466889930799905536188307774017853538043844801484356571301696949073513589475462637606414234682192353280098559177755679538970525441806803868409114880254620089542149547767543325363261429390290967321223675082190724697073229798896023670255729,0.0000000134004723479946811726160711880138579557152630625522138593115019358338997075171510507371190424334200574757027598111797022298473293962173750665889901129817616800125783628066923912965833525686518666931342887948309076357818432225525069586074309397003641871841135958826044829186471908785920922911668197408493197455991666928054111277327198974116889829559878127843191606323023386027465582092481672602068793691353516877502650077729730467956332316584380972773318895169148353662887974443564119553744583286803915544457918651945191291481,0.00000461284961034202418689622330290024965576581335525556487485771675272901993363481561431308179211539930472543532977263858902689211582956847687725619564070100318519543207111085335210519555172870373777466759076137681910202384403712892053893280849750934821121765486353464627644819569106197087826063641639157098046390137299837514286386761915353421897253982318119092079492772178974019011289268392497629200996839667368875232672720272057117215329904824867591041359066381306904649090226979102046456303009970946902876628341503686378110234,0.0000000000000272187639903000352870971303891321878553962124550954336347980228249136991065427189335178713753439383149337678113642536062768063290252111309896097582988423504456813761308479428127761925261519643758412842030800464886355810183444640460653995475337413695141694562534785203285664426629948588215021652193280365264822644540633096511126891429692800946542088465700323133281986569819825889208535661639188170610338624747680984606893183647312330924741630711666511976279849359810123264728627192402628211180295188276968948577146122538273372,0.00000000000150385387804840166574705174550070936247278986752383356709810996618140871622366291979497031862514570947248797037025747938897606073493483417222139520216659382594086500036313339169451056666528269700341657025766297257927339686799003984176064396475372409298783640256047154731059955173920038231056693361505933886599934332710659717520470593917310224553574300262848804282467351943978201245659566549974167254675753744783978601852860855373708830041655088498542102031125221681501222466188323251942026725227045564796550305639580906066901,0.000348248383101358861575804553893609521986677367071646201030897820278281258558208608378155240344294060836110216459210038634436401322857356162702115563566544738588735283389321476349200420712864365502477801184599498413174294023387879812866041280794454734904166675837111065036793090704171826356422092776673590092696440678371449185103051342015435915553987726246908481894512379842410448438733590663294266426379502225384401347931395390347309253283043105282927687686754541370962996686555044010255046337727457499535038611423984469983016,0.998816296609432217176471976362753366182289549160034097740384659119183149212707405773854619073567915082398923373956746122419754278663381068893473903442069382450485517250251156738952558098764110300822552180433538291749660695669084641269205975145882843661832884454135783251075758270073747903961537180796632009249910694424632853563639873863960136617490609207568349544643310528975744108373871916723993668475387020472063539932500865318016592209141006312611961985325382772441058270215355081138888697000123323918006751621003990273275,0.00000330033260029499656395117555611181629936315689025540912735602169134244371026054837041410018337981065689730492463006725695200115943493820201626108095177273966152183004559049265923404412000923101075529255605218307887945826185841918570582224800306187115817780278610201011377706351803285343117217810626960919510448637293410425109238251325587006774123702054014318727866161096170523528242139731269714420065114652596132602185906583895611794910660741664272857326709062155572256336644735414904536241780625301742374582204445258445348969
-1.85,0.9000000000000006,0.978699505671626732958669628941083495284160172870072536482587577262219622087392649077565579001759199406599752728359692663998327268603789259899766599036427662665824300827699367474447270950348782789478368317011157413975570770223341882592553852937248726072226756897388327043773881315290093680873280454048303290899762022145915902087438672982833785500733000669846672262875376169144606320739558292531967809127582554321294231684099828572652605199617577255307409046339813037013807306354543598555619630260325042989452204638445690114062,0.00000000000000000000000102597086380336884634721878284338130756360663990197672060627616919614396167778926562293343527861557652375398130838414056541301651904583345109217691691169458891614048590556589207403179829657680445836932300488106429072838597590955022556542459736560154175180305748590690814439704474284135661486243148361102213522158304326047494860228543518841033623995722235012084435009585673099405379354025015069264444198591010297580577328807797500191114945700231648703373663147208330264545710362737007928769228736485560732630508682388336511137,0.0000000000000000000000422559445649577299840864244088708202945211676771891650171189186000098675899407679303941901486497322299470039338562556145081378072845955997926066512924760878830673108762571330925302464748109912199464451369890538484618874371054725917509528712138240206144723008717623631605901571854357006308102227116405074191623220036278705414547902945554211142233507699281704264241070160897095035405147583137959216502287238603850262390050715326945007323021719751989530797163489071972955332135263034920218049469838325135602335370549582215623756,0.0000000000000000000000000171704505299069881500129276799963332963221338526469122574541115160090128395243696787132007748186452632068298502333674631567084523065197778072673902114182122321316690377509928117709354912963693378559082769459149480311143098851521180589641324821010586317904552380885188052951973202623403030649385174962207241972328781791427845355241687819467824461291378187914747026886502741841680394043013332640177549688026153369004159551489868374418884603750570790488216574643288649166961004648513394699709579659106787798359351244960402168653,0.00000000000000339111225255500511063373475338981088854353919670671771637791566625890039577227292341129930775433726624739609901510328215952932298311708123094570006642887228781103626331584122805469378732236220520158659717193182710117612202053143304118114286846141797802119886098034896375825578530716534269254961821271269468334214708004604551871379768783689617527125927021444760261724433408166231204844012863282714265974924570498835749308198712435221354793352950587221291831710292259422252695342228203285188944438899975804883413313213316874518,0.000000000000000000000000788235382490170761655671226113762734989529224713056899310652176067568387258805531144658210273214411393743864949466148502118260986552413604280983734064388999717839220384410046878643214925926615743950626751301951916131517399776162101616435747609860823666023708484710486947858711039828526931463436927766772102106597684197547576754603212622356590754962901704201636435402621831377196854070860570220712455266160256533053345861676512472452741078309578216006210667213290066444799188296899453931331180499986930822805233692952117503505,0.000000000000000000000000000029111178754805465070600483527098082422240819853192164059178028323074897297250229178739565966136620784253312027273584684570413115655144662430222853636672325610330319384626935697065352372185649041068681290039950123429535697847704910946229308472094383597904055971228672218628588869039559772610945998595182447441466685231887722166567298066362715910282930377732185246755072748997787364396825579973379565586234653407878789161566728076646367082417202928517651947348983865200829464634555701014501633656408456925398183887062869876327,0.0000000000000000000000000000130906344601026729537806309902401170628414145265089972636654368224357828458723343798771433501591574612472492507667786695504650682603292410798430210639825552818881307078466931428309275959871288307801316533188174027727407940764992296596672432200206128081357741325264772342649175593614299574406435014704557642963665699665648934701355088287834409905597303698701816528771421248493911873659253068471876478568192130350504879398433419137506930682343682233397359786829837818365590658064140575401222330727015452771119433379502618154115,0.000000000000000000000479481953050822065299584139263513908015311113981746309209604703535847941600805933809141022488399929052669919093639156644423579120447832855290786985274670723547914768592704795220600661299936807083553313935007399960880935001828269027241100574933643852404582828412389539219752173280521550329029291755596825088751743197165873999597208607403833677632628635729110184057195086244857750660858091934318084919189850707545797039803567910659104892823016860988994746931114542525682908403712585683176604663939419467642962079497973558495816,0.000000000000443265310276537297160733758137361474910595767923651167655396926418750628646223953042158096358834158247916238508747917735880739343237059768343023435783169356745794226151029017711644189750990074450349978363716210972010747972063353131711098264768552521111257825763506775262352241634775158120490873437371678848842496239244253974673285140587662358739539609822968270296124295348315105599881169420470107232999210537173217835698216627605734762950453630299852548864765890990798769789261540228051534821954476392697475570405703566084452,0.00000000000000563029755832558239107372531228131031239664076139982309741784102941610287924091447482109990671383442618812474330819232800315923699249755691121944890287564660019892992348878797604149413829341519309857748571862091717130842407856891383108380047473262575099351528182752993189643805336689966594763293518794803284792063356944592269008286685542626820208955318261482719420546687654468079960809485595588035377094814088812739234927349483184140507967145998239025919080976297108431289304056028681289104093074637471583635086558036906379394,0.00000000000000000000000268631664247130012626457873382788052437020324059103023065785399424435790344068157539312872951102337415880773282970581272198679605796936377865961380726662010117330479877547482119307962112614738226611825899943225293980522363812952714536050380490497209034640635939029873538656472704849422036645815417015899540234371668091682058105587263546009918615744584185193246952876089968925680431431844091532467773121981191067100137484352442685276646921586438544442425209552858770054694519891509316896726017101399473507565472387957061269675,0.0000000000000000000114336074583209023536632867710315740601819436038185839779821038472984559605243001441712511005662676140175710687421966173705926371258978099237500865548646023742423340086105683900563090387181803338633048117850683148794998690026851194945745881203437332068318906207292477914154034992645403546285528010605574901774135527602769307165604177739188801553723260726500911703050940655167219592354013765697477560420545434405895297335656747876384618441373372670423921264810102625506902107508748712062047597100469717403905613540052323464299,0.00000000000000000063171402354664889763232471973893650339580975107046902465251996879760122207549952791311211374797302491272603171217247480411303973543230847077876951586840620754061824672254194603198008058645432434529462237019582243277789151748560388097685462795469043782806722252971304344378449514689968000431046533700179049030931812317122782293275530851496559012190341765765221767180319812689972575755935002789217869183900109529854059882757489582166543877970471653059611885432953674836308136580716690515746792388793290302061792294753526961054,0.000000000146286411528270242447508937021050989334348701735688654098087121955798587766803801988049942583594761459128987726450619369917987802561712323852252563341050858171480731497204101870006403657140885379007430733649566562663410689021134745190823265718284885820610824785398017341489070878880218832363180273346375464590544596812975607678067343923137977599431820600309491159596092943861532768844975394483212260179071866085050522879739606061482720851539174209123629740348669956110657414771816420256581324427343348344397893050996605237831,0.000000419566203023614982581997685070207329135863247722744568209828068179908853959066944246446291535635967952995448419957194843768426602458228597681993770382541800455207468988524487031155038562068685523959600232525714484933522507783689683653356451893287579006864068742807720382497575892326312215158489485366679219315649650147105553124028281973078975921985668428144751969926331813098042067710973043700594707809439369468711970805444287563685465083232978057584406408318734518014799437446375123595869224179411765386375839196476169456872,0.99999898296273035205230726042934765477220421925081831970690829149596989959036763814223189226184976476539135711489634377138060622447023746598547968682554490872656476969387477055405869745774539212199955886465483247516636409940157298844919087933031249769120607905956575468943383054576712197327411994763838012814070170645352175806035495895378156094597341994934567098110672574753157209540165119639291712712238090241620090327038825287898101980097903942770523536478222664369482747700028425528217668768421277368679201763933668817971
-1.85,0.9000000000000006,0.978699505671626732958669628941083495284160172870072536482587577262219622087392649077565579001759199406599752728359692663998327268603789259899766599036427662665824300827699367474447270950348782789478368317011157413975570770223341882592553852937248726072226756897388327043773881315290093680873280454048303290899762022145915902087438672982833785500733000669846672262875376169144606320739558292531967809127582554321294231684099828572652605199617577255307409046339813037013807306354543598555619630260325042989452204638445690114062,0.0000000101437768342194992914166223157968260970832470902419596278517740153402445732143039276596449528257463510117631228733655605069220396767143412834593624964503961984913789123667417651752169723658155673166643961826229690489906052267098906473067275137567601873211710117214533674291087646767989984553040816054430868044303353367556940416064949930809012640554557885751805345878934621989364107363291527360757567093892458829951375731590648262925196994144211424184757806062187415845304735171878320098117000240542757867620246520421153296836,0.000000000000000100597671930384564404709513057683691162093758107116446836654571243254030274340271685156760839049562029923717778829105399360881041335996940314885887135089190637124483663096104153817892369864664107418464860244160462488996646921171652551167102044674382373442911249630617779818513167442365954220268911924127853017133415452461470722129567438106090000810264163067001758563125066656119971476403831194188948818952421942105330198772206907103392958310546181445809989440971617545764773732256933814618633708945875033832687313370342021976,0.0000000000000000000408863337694946346623426572184161397512628865176986666821026803179329365678489770441635373597861574811723395289900500070445884692002935348693855287667592065396849249019429989365196922899296941878789481687811086401196556963382746528547970072644855565925918955716490667674028027421004225434643642135888967472418238222123900781707499108011458928072974594807887988526043875067847878332055918774191402673819884732737399448145900038373760970371086439092674630699176490422356608161358346091644726297469033131576670764523954751882819,0.00000000807313625038537156412717511014502574460362872627125464448525765974211265382743901900411824208077397042145385332894693770243024599636880004864546651622610765352409181064381614071933936094692304850729634899815848806976766008888892691079723090127138381866280682266779210634501495501215026120242754259200330692248704373527851113220010333045140806483268108430614409864135125111350216004246951020249430379740507662485451123430096394101668043107405831939534045752370767337873308410809835932974215617041884940076362044512689620013687,0.00000000779328545761541579838438573469773717104534597509127174697101694852593127012460813379373709849954025134939963155018069963595166618455454756117480523105686206858795438607792262846855136328230959687968875301626476313149978986793735084519227198894886824048527554062163793152060988688153456682015144283655731297609015742817480028765311038042390232234253318980289318245724129483530572034366953587452887464617230970771635124662053355620459132672978750621993761167820609347425985947932763812309790767678490141303299758062542314503146,0.000000000000287822306741854375009221785504458195206354395128833948833519855234202407582609025322160426938323639020356208413218700035006438379481778165961466147016979175573300591276334254028335117621214756657348844045390143277340809818654453664379533978108382459506691366159493191525573992891137289964885541520996507423432386682500786195254571608493616336033058706787620112939934230323496727124592744992266070126028291226734508894685285252214043812313831454012605491571758511176947971550873132203630070322923877988077592627219939337539879,0.000000000000129427139957332712542579449788607641945273365881163396549755948820296479251771317775452219899287801247307291406162082348068296932353077342819570344928555191584767208750283578083592113708123374664669595181775946562968360350916653971819765558463466185758984013020129327561683911894301087848189895104590447946275639350946911345924504801120365888781347905755349035787842150873373446441362044131712364971780519344860522077341189206947402611029265133661430127954923670821887366314634029660527073890502002708124838129904068669222776,0.00000474063942688667800905613104285113315282905897594688457920441278829204842537329331333940759837785428343129631622606287169670702106623257295309962966242395331501667848453331543753360223685507852206396279343732189141338630576101522494105494088806012362900493514109377214087656114643131259462972022395274737406473796292380775078453395064669743381908166548716161518767831742467582977665583562046444122310026691804425799229000749825843914873987867277167428460092431864768359126965778027647613442295905939203955629236592811417267498,0.00000105527065411521400315211055186185619675570525383288833991537823816608305014930870074876355881608108058941697544502153738540307339517661649763681546355775077389923852665907242050922897978767049617561335412262584179891350316011926938525018026739365700743268491004696967894757744727843393432706571176238019361455462219401784491813386089100338189331118218574657882739926333386281101611151378606735343648906352089961182051428728315969556291793246754309764229456606418353035257765394367476660038089355974975023930457323171166756475,0.0000000134039087866606402093837756255150240408743843365012227464476682349838349218246376135155052753901384986718155024471520935688795112201602173625926268446180348783256951412361011558002693125721789162641470773698148993252034968297969414239397455151661766608059410655079611492080638645318542026662154987029802351729851989571555496608458136627945486984341457803572261589234286190561413427223002927003342977187753350263085579751551604994784457041817926032971152090732371305142044786921771040789263069573945894160836565113652091118582,0.0000000265596202471700929778331745773916312487974475107631679385800493196067425628766636012605123960972345578336501434626119529367814171629244615329278838788362516866901815307295146294224705343883933733407985920002496163926743729400849035350726129969251951780654547627165469297879272010091176969784663153986796262539787842967182166192240978408940747081754540929267137320927417788103891592500314091470476758904833301516541429434910575759262599449218373151265492650352429308037322348573813301304891457037550107620304531130138382839985,0.0000000000000272257440138832993273648389712102308155555334917136424127495557187973637309651239475447366665771796969957493930882040951736448014418552946674093110721973422481327448098534853012323157576570879272016293895105872693496553116803135676599064070977895481324504716206302194636202872713550999921852503371562506875878273223234079272073201733862404016522023807535617192040276867903823631699491294993598280694936440988337726758456335659595819743020293178385909764796868738038518736823705103151212881520782600310923982271119800915287033,0.00000000000150423952875386032498205035030420715241438045017284122943330990236548224779556582086879905755894133007952655395358743288792344547307997959499776069319350604810304822542523685423410862926436875010409443629857939051698856874215797825675024675724528965389314183588988087458749188791243411894988708453834051061621493287718690931488316978886880581772056364396618559240551426414572599887724682289259108988685445989386793520371693852909043998450792083333632014514845116369736278127220664462216325203648300017603616093830056658266205,0.000348337688476420766482079358131010826832488642683216818187268182246334702183263047850545380838582165158263766453810825771728869471680417996682233376864306184375763101906640058381844930988102784831973556012031904480466706462953665244182383421067115467417541357530902129012540740778834711099774125026492702333289878127249708010499829466279519247306000569502072529291251149412670754086609794216952409966187359824720230756473547488576642677325619484470494227368773838774317462084565297162006788547616418489985988870701211307861249,0.999072434665816778594860534563735454106093062017053131777558917411837404912170079787953366123845050993156072953277970901996790558331078113617691012858730893143218308737603619383750731260855033980921621406709397895641081465166414213488016114445121148854403183603569800035301423657882230444337938323161186769988486530654813701879297245054413912283977018896341498904533330383714249083001279844923825142665773044989697579516998421372190253785222174311788331268328472360815199628828150003763675367149662510412260334254819333202744,0.000573365417463946374780533971098208196044937511336360851851285648066889679249245235865315395603609191086592039878971791037129932614311316587715569451165114232357370654445400596201957546158717722758021646751417791894045252224463104045900311541781827848956242946262363972224670070429542053673564318536305774151495865653613436839453457100638396891182705798596645157162591349047314156128733766580210114046185729521580803220303705588269747362020519164677656977734018405376916116840959158355277346826549846096950080414925717731675519
