0.3888888888888889,-0.5555555555555556,0.17039065092393883170081205276152170783970929051115836927686703259267324619474072092560965707888079886292189417753855686411589123238293002077670415466623896901940183735278625509515900190115450831875928407275178887095810048937108733898298355945494297220638206924005304825655404,0.0000000046721192353593151358414730788571054841637590729081326112817805512172355415652074390679101106578187741421593314934380075296060002933000097246728136987541222148290827030270354619275232062876557160729430494131415426656582039123841752319333144517115228204684189805194988302849786,0.000057226425450871984085167525711264541930078328920284970346171263859641226271577376601445833783431184390462628947010820957419348102041550883677584355584140267607788711434155036578943246785537015625329768672919510513951140285951533183677589332204085151434035737425058780784596896,0.82946444789180472868227026398750446344134276449979224095355081624085806648366043666039571682400278409947612780965193990758988120238614011367094535850822713455944212335086887646743125666212174092330212814948438835534712538081421735454631711968291158378929226330904755374505673,0.00000000042986487582152202019338559238989793515946415776387707082909122707328879660496797623246480121102387425255925702956033140585615824573329176214336682205012089606036016452954413743477205457403139202216451372365370085848951969146425873520558863386487830141280168280529216421043871,0.000087669656821456451862194008078364329237558335474084400518570602933266386571652341562343328042619861427221169984637725827505524766266514516085043191259247580675888703092093868705738052855422005561395340897498366540506060322201802677305430756457507797070663129040893671668710461,0.000055435530737133852920601809025461085296113931811185632891266453882300236183972097205088252880617665526451548618600850160071791164493473985370205906024075747290621426627758129296346236247548133308555167495663484775957003899351960594030498850347816506431958290077578350035614933,0.00000000000000062238431683528625895638282271014767362704741992620363721176124633809013540022916718617539799961755072280647398450992060546125644445101658167130223112093004470449664901679534692477178941890979131352332013637645490668724502310270753292849448741528697642091589367971973359097529,0.00000000000000000000000000000036622205884971511149120460952273111679316905950365623704772338820087900582266456363815172510663847994748619189862459955416942618267519568774773622476831237964397226808596007064227852367516417857017109156751014314095748259805588149246517411042346994786001096345736848598816318,0.00000000000000000011591787239090254660858209762560824957206276013497071289720114615986433307645989493171617699558967323333103780558949859613990690936319708733002756395985462410488726528843326314288022967700361366238714801407458376379787837218086304903213193661515497244972929051638762414368514,0.000000000000039106813603829834847283990661774798562172442410297802296172247991414159288605192509767432250113034719164440761253363163638387714522005808501609439204444442870918654395417862967368610129202254447769693575576815312695189859036413490153897100653970668556587707688655437363559114,0.00000000013140269901863600832528104357887736764748171341606893412284566062794499985005003368207510364490093301180615860691545271603454782488835842942754212365414085165032926765682698111799310359677871726081248758949651336177517674819261241304339868959158020781210996662451507138944213,0.0000000000000000045068666624428086967009955673179615652995626915182800786435673658807302718065658615076688068507191029027676717372426550900944050588690984433964544715074039562457062088632293272513821165469658446284730040725975321089250359265232374895803768249065277097765238222348935953079,0.000000000000000000000037275162845438290670750973351899212619070906974893412285315257167644907282248667163858473285107645674186248785682133791590902559633147424024439278547519592992690338485603664726415538873845099075940384497002882249255740546777042337387754446902828632263025384207760210612686509,0.00000000000000000000000018050260479095582960910013216069823920132081685685210743180747459753195422537167862541297152265597312097285746696918650014962397631390384231823802205295462566408709865831782539230123818708896936490254690009972019475966064488656500913343653966157178018295360073877755220625196,0.00000000000000000013386652168018747296909278443212683151734775456674575152322931961683298412590502643281148076592306650043194761489052592474182925709930950207679871116657056958203883024476394855796466017179162588419052402940408857045783701361670819077342831241131932854451583522020864404114091,0.000000000000011027248339956158479658906118077807694339911590729105989040331465783790322116731777198669408825515521999610575042360763439224344389727764819921645103628651282646273502512764427101778517057043341804463225557645353564736546758013185796457073438640952903587149735271943159457421,0.000000085540467544879369819811799146852685838814206964183419480590268273223636674211302009212940953429966542535841446030860300122443771904775280668090397990980639854983625753659086088787819229849239176162841685005823509237710025601982235380721964643788855225674338837984504633233835,0.000000000000000000000000066214301921222591199759524390329599221580064412892087925693242401556108447123882517764820489649792681275098249424942276021950675497470641882045862956176043962005233779764153320775952226826615757114372967183302269022186370717897223504862895716677732401288143508874182791843698,0.000000000000000000000000000028283299596433946128189418909652184975715960764520755736055972482446782808026756537739918752708817313874667459487587838855242179021025201003103840365888041948325956063139908845576107087894106140832829312739443499352150576833647683879794383329199921959620824448070155471691902,0.0000000000000000000000036998511140710799705127984790012460953495954079842815797722394243745995822848256698628754869655280334701335747697418749747705904706309406525230903472261123762070427997918552656615426950670832524309059551435550705655514008661142918811516348887862852066813781857661246838850582,0.000000000000000031405146538954813018966737611696168055225040010853110631582540899404918226124000447834267666016920240612788437967009283349729850021216790246094353202214017004967120778331239726449052897390514393560138859804154002324218642529084729208349823128026961452159033580185694445111017,0.000000000000018346640696734083590583146890577629718786913810248886267703837668033568561348913549437139693049889867046035167550374476964838154149568437762207268696760603836706412568635507524146648844629607445349845417700229958395992564025636080206388542745650085385804253658260759973640471,0.0000000000054017278242447982709754817929539589908649214011779858325990096248821830822547809692853640521089037376885107670501119089465554102286351559435934584085326063820373277055443901154962059910905933983573982050469153863610752949093289434275416689133206491488097134596759376552060384,0.99999991432265359949625336974683026717109182832636653122461705161296065179855579597906676673049002084031474293845624873421897395133458788024272224404028380442997136541983199967391706460238467726690249049372181106712679027625864601114540863545226994579270835963149224534247244,0.0000000000000052055745041643828379162811385286481559362676298819283412130973592645136858466081986137764502191628092263770671022969595064327394147980836147237738364403301934655319154858369475450773217554408190094312258255399557610190434158520579702951163494405961362667741056760246548597318,0.0000000000000000061005968586858419944464615015240906839447337450561461961276340797202367119422117432146370398987477332000761809803678851271373411031799502680612901085620793865755508391959233776558820146500569254108500312404163266911973883524566537005175364875713172517660722484046646020305541,0.000000000000000077857598808056153555372915613219030832688330241805941704700021858506962414108523761669232531024757922172583404941460683233551689950730064020961956995096387803931449123077424585626544018360789174106517691362551469022913655072653678502883955208394650127984838448308286495824684,0.99999963761202078561119729731249387508534786151065060077655270253392331759021914620645999972356288813540617834610056026083356592536930247614939058824364450966673842090874639080942884822662243582428991778219489934077138646509499623889100404167692466712570400402101132132937667,0.000000092077772129557388622134122663606509461893454001624235816288293546340543318557681235506377696563521863023146119198325927702450935753561240842961911677122141826981336942237651501913114131850897036702833266734116237902039971739723350167528568165634246572976498183001299958052865
0.3888888888888889,-0.5555555555555556,0.00000055914595237110333385549843064765959241418940101800182258886306575058798150758377859927128385750534210278508239490352942570795930223529130304658631515542556427579391157583838555583917834371294614098599630228695973217072348456816726909152395780882666635275723539270753095600115,0.000000000000015335208191593817974744920020523615890592715635785530736817400243245764051103628125099232414055229049328345766013280876135788775949661837254098819975949924752869411902097190874110667233979639494340412288041737824755684563487615521565477473594907316323773957183107614646663244,0.00000000000012431296704215759374903148079548327240047586749461232268544274813819603990290354577601271228957271179710222990562404276132391166376704712609444161644415766821454079421094435844150764091958318450873923218983959781768597674690479200318449298337507990655470596949081349597061279,0.0000027225353967165934906651529535504032273960094852030114478390473580530032215289465585870119028384915856390931210362767862905473670811825447491003363160678455853660018083394434041430649936726001827936646300617515682482573783475375380548791015523621523401550067052181242212758156,0.0073541333836360909751494172716215880035208699632329568834384579655219979405237478307050451327333306466218289931355168620117845286254906236117240579081612741646712611145325526130534952870722614979678542846945088924937863901715250533409010170036173825902354982198446186814296434,0.99264258493143288036753803385462617941482628913239523218164992671563248357963975990818475040485422467816370763989893341808856655765864854835939425887919620534673621218380503883586734742361636336272780321019253847200184816686932397832946899866076075026690195629980841584230335,0.077307488225611532029480167245017986265811025673475255814906238312194168294598799268281671606695626562876295460767250717154227878847812860048097587649800290606695462581863281404102317991115348937289438762424106665281046877460760745183378577920483902749234347191599158901559236,0.00000000000000062216590241637574827077556708705239177133488646361446158875646703628292759511236425056088815197908211102646949974413437307396614578323065882945799652854106415212547930556741384669665424694633188416702317974910096497792803984968855122357101323892914295885042608843127421666076,0.0000000000000000000012631538152959364028285500355953141838860993403046987777794226136621367617366653091904023240437900471132954330625009064979322317828800382224612409370233686133002108978661721076188686423115075620662055536462692079508981551396271240375432436585265212039322207487641706347944545,0.00000000000026455127474488075457051028680650518629459187736167926140931301460839322331057600471039890383004950016979932625999348973493370640859462461038867656635697583600425138082568564919537485518614654555174479343603840441496772021973021977482567460053232921818922060131766549076051302,0.000000000059081604081000696257330648119475366802651067680827501672541429953663506888915655112775576869973950021174727146332798117505453514659678122136904294281369545714544595564487876892781728340768061667070090298551463368023594538549248389336461333384041642007398752783268033166811665,0.00000000013138572640368112379179284577451538635636520136990665128843377550831893661644999075794665169614256992453116411427810873562533641123472467557695957550129135392235614995198145026174749345620083557956264937202920084829980969525151343504133181713861991225261195182790508504215351,0.000000000010287989254095664403593674846828566190205259586699596535678420880794349687691923719789817736686989250944161676040725813179047776131802077317701360249307103796441500318845185121758539596081206096024673299968633429378412928943624963294926224977345598598517930090556593274250178,0.00000000019426172176931920565036508746928352765676098619149357476315258316854561946574546052028725299053924231657151059596071743801011455396194032661104277548383544733732794046744077708978976465311598822900500308958199549818854538751022824168042758664611928246350693393993123346523224,0.00000000000000062258006693724305245505658300019790659358355484253247122328128688577715789288864894893173875995403984508763866235663025934460144611849191472090559378022257459128142660326032323719336800982990064330969575553839473032619272812351646301474031505460458950260867717073330736039013,0.00000000000030558200179422502377643936144761230726407218828843844953096848598100679107186034780999105046916957939017861455086982022178746889559003903423631754858775768043472998310202132378911907667799102431241855408528889007738946798323807925462151035834064300060363960408260893229345451,0.000000025172302826066354454872599540384087403706089368353141375088408930752208619935853981867639118744654427197749020494665324779099195311351264237329866770543066186195217827672333444871634406784188360808713198804607595408815509379646157910377942376715640621448390224757080683420608,0.0001292037536560196762403399657546311274333492615156675017633517862725494225322429302308605049391947506289218026986166603297603773658936893220440862851732667225065389381444048836585376853036502742721032299369184743288396307224072669815189474207547726844030897227716129234667615,0.00000000000000022838287885130365457369769059051078227166909710647981149875950590158082184777202586247725261998038127174648894027356985140097619534631034898193046804917291296338490514640356534456201955123547717843092870566049966067515862002638416644693233178100856775901682428191057250631725,0.00000000000022271717226469978925138935985553152216473505235753140228536876236635989850838702208368882902596834918659258860201655234829958416683732247129359388308053634573218223946329566131846718428835329514040789748973455804367393058960773513683708714049806444161353914122432615008011467,0.0000000000000000084457853658101372133221583612273344334855332388426944301575398031162375147381044926584871746892701642800432382337585628713698388024639614629920058792025670443001133965871134917860522628778300271022628798099192156200744550627086672555454562139872356015548254088621670679229993,0.000000000000047446116493076576086459707744253378612407561900309105651005675651609382640359419430515497019911423737372590391507314948903773942103835702403475072338752285852102776414044079618345965441392702075334952438497733732534872882701321945290765085070926361175817794758329487979924283,0.000000000000018340202277965617605725465761473279935028726542234110414129989085512793310332862310781259109003865764440564827249007839126624583402276395564622187164289138915847224569585154957465844678164625092616034525275836653447571067180359104247610840637984791706763233144776578435538481,0.0000000000054010301106731777636926023647265843593612718408337689641728207097873404230413927686375397580562520461442628357542714249408281786505700138695977563442972791591096381940238970217653095386188404371168374719012102198993188753206113650405820642425192592954382672950432920302833902,0.9998707494453124394925348886483968443208363634351458584020287832405841456036439422948868541077201262635343639126943698401010320852889786044438104306597624007770844732072700846458498472205278810008965490292871284777400433397975600817189199908080319525834221120602454670736755,0.000000000007864452854299334205911167397449203552587865566921757494023143137730912682066993857480301942561294065400311143048930316348034592274870511714454229849577467098971293342177873833497500773724119407056356868471607880694740358698190333529103061752506559503062048529890209430038318,0.00000002104185701384440509034679180567068928768567585855983665662700786232155050391456654264118474656458166388856318034408819433416690057892209915401031481370754016217748794434232760136897895889992411086885153000688309695701131503321916941669976922987925507752345196138767394636086,0.00000000017772838645570528375740723729318153078565055430832285810599077030715420356421629295593262348494572153488319029970725640851017204915525868234133166239992209154894885036261742849572227614005149687397822625562412176529116174269372152781750355783615177856653377493870433100510193,0.99986062228338029194608931092744080894808400797768187999510083749078939835982462874240886565050653524032465233678027481621945135206997616678497436130773820720919973682508891117979954564582234940274622920033082601712162009774436759369841998242019207916256870548788427831227704,0.00013910744398989911282742090270606523709943283963878223686570400385829767220006217868705381763603310795708382454763064515449879160200776416902382109298257607583961436865549424757322776557944947388539064920417357075455951305035829650852090843987676798572662810197608263260749226
0.3888888888888889,-0.5555555555555556,0.000000000020625169256181149380020343381504059754082818102865171741707559960896039183529977768697413345274404961968887265980409991317241826967831236433748192858760230088248427893626523172221740272878525138416535471646289028085188440976075145566945656661733463759360890431062648812639552,0.00000000000000000056566852212582283293687788363458264270270507780142840370607352972059401297000372651481850775210485398787870892915393339394538889968174269632025515930915192221411658342296998346182126059005592271478774044782873467616301980547898156215350511475135916778290074691278135877295588,0.0000000000000000000030341460839964021503799717250491090212149672651118113325878964820287272977668145968668995709712981799504755780456626517099484705732168894725396385513692135956101327986615884103586232727695444861801296803984840243379303235299654990618937268723982543292480868030402406694272847,0.00000000010040365792950727757698214562624183915999390089067198078287441747739457781798247874239326318860155153333648889207330671956748961658469011183737870433396652623204829464339660048740355574011363281251493149998693211112718681059127579383570659542528846542614255875393924228813501,0.00000027121112677141475203465936654854952843194446855627181056837700039372259142232961261867473614096746082871319033365932342121726139591740160665063796673625985518514571383614693948702523403782637589457837054538761139041335579570405213046932984767741629295982557032233686983467511,0.000000024227742958273858004904382616078235619661726438830291197599062844405479391867888094686258169079019637088104295290320225049390519920723797938684485392525061923103129691952185241244041937812663712313656451084174620589895507652903777138977190934408433756664318906742292401381649,0.99216277319597351386526262133691642417141046455434184082284993111228972708417123748958314109375251215635875378432024827892918101965904492773655245335517190219102972724798644583765580407554495590393100044723647320268541883404427042265004571089340479233692338452238345911102718,0.00000000000000000000000000000000000000000031550359260728764827329404931686648009090619748219011643571627880236934958966230646803799940783997434007279927860344242673706326666722848465952420160436703836497727090611284302661716283189515955447430662155357578561057075695725369682821291598463434696316321995876785714617151,0.0000000000000000000000000000000000000022096433346905320706092135707694365945105930945389698517619918486763941097660053658248456582571083691682160131897338655604848232781401253538885280941803080905659142557685113864383448609096920431038449068868255306724517033865518092187814946440734337994551694111328601223190368,0.00000000000000000000000000000000030628085659152761034279328390430103245815658431890254895618163962289020249015032007676850025128821411833463779829176427944937567101184364652079750182255586012649991571163082616015786757217233948348100238379215857908080393084622810543772785911752037158712163860132790774210582,0.000000000000000000000000000000000045269565555853243620846802903027437907251488875491408676095571030048843552593584243800248477057016489022646690796346973396442454949004083974029127307392260866460474766448718384666213904308706861406811957952958261178720856231164387372180608744599538080410811491699928164568158,0.000000000000000000000000000000000000066611613591872884228248433562527409770939089323277812114459021781701704891680570383696404400922161761834785823132087958172831201376650069092366978122311320397965073877818461601451210797465751985032231842260575228231890123973882580689766439241702516610414013923440010967167167,0.000000000000000000062081797069477027076077415914225781578491941749652079697797844528498915780548509260557008336026753896760906148343269311092824092895617081690494036480215054822700516622256544612510155621420218316676405660717116200489980026067147516320229763265634053537193065791740798221746449,0.000000000000000000000000000000000000098511138084324232716473580054164138103932431347864280018192504166360393052745099853185146427812708001235598883980989197037083869702024260684543938627603130376236168982731047871185304195353724124325334866351827686930060991914142969583637956415902792466513316467276628130043101,0.0000000000000000000000000000000010890834343058718708210778710424566436005160041080015694658113827176210272969065864324134599419555915816925489866647442466484946199918312908405169674563845816652405742195059270182023863680562646441872017199635985520749975520837210463127047713832165352715332591165502617107377,0.0000000000000000000000000000000003537836563393840064758268984196715978056965895749649831719993112850905774389141419271289140964874904745848279723654106800313796288510468607766391597320876869906732094728671610786804915923914184752016723276867518385463729669302749634999113595221865252235744930245485198888795,0.000000000000000000000000000029142911820719207366944893874558905106180265088755759644512240992976989097081446212964880328684127051369578963618262134964641580468838594755350864310294896786082937014567137570670324209616986143835527020682304717369639257253141715359001089237701614916766031590810478262459004,0.000000000000000000000000000098998628882427397613150514377568997275348324197592381658723694787993240570313990208626112594151682848025049846357097454803367879387831373527264948055303158276658536493041167737315936293650743310083893539977171350787736880298414936072022801573393522848255467790453803892228561,0.0000000000000000000020823477925998107887322873267069238151911783325410947732534102681514474863230728262418497194993077771400317177193901476866435396667931298378164062075650391205006749640599338052445813159690293715188025327015693493115744521659782476714231838966578771905055802588019086363556282,0.00000000000000000000000000000000000017065057367820081625733894630062286183960667106546732250058474391642950179281418465393637571611202991308171533282894371623288341472568855785802775285989065744849002320398650094143875455363534229107141834422822898520307218883058328851083416289109426736470363021154077898012694,0.0000000000000000000000000000000000000097780000452580437854072649722199486785092728753222014113878281837827175825268665439364329571035280910567653899540263285915470286488717758044064342941706038105431024474550297922597007894378993320265373494819213898975842489136618880613670907326524397055655027995779968013570606,0.000000000000000000000000000000000000036354210661058956449136973308976603574404844988441742621088753881668607877159696295948075125461973166669599433003281698162298190998241061320711625538192939966136321629590809117102212702836301976747469384076157266614461127614877357021568684271953758982055289161254073770303524,0.000000000000000000000000000000000000000009300412776349903778261705562856342800516484321390836672160456145302334318339052614463453033805654448801771732228592613293276244586135750235868203337409005842697144256881686683371870522062127420138523934000841489347043423041278733787952708381127470446743661871790010598918276,0.0000000000000000000000000000000000000027388906995374376151742638750372411323800118200001482947856327171726360986805583230397944663062712282538778879511313074385690626616230880017767296069793910524478792343978082140181233612186880766608831082730355994180887803352554779023229955323452125755127472713677501783353958,0.0000000000000026428088336629915290523085223006867348977354703341802238031997864130787276049001594149177907624136635424574731399054320853280629051503630067266111291486481567433090866265156670337527573961277786632732465205305010223420602001161176048485511420811597096705672297728064741917312,0.000000000000000000000031408438482625644981007369700931559046317283391683668390154594283565392075861756296669044100813204625968989316571612516842390048507382406490009696674610412586543536498905649054562452890457966210227527217547792891166352874574968910121987464960172841589891713644723301183080348,0.99999440996715571623498913318158072312371775234378739417808159075537241070793433052535388889777041163341131839132612015016793574734155151108312046778158862258335527183226705266534166825711596376308085443875681360980032296847019538183912045466149672901978179217372382308866225,0.0000055900328416408919816503964121582494314986628590117237973423577520744497789715727199131177589646695046818607888124493601252239959035651194615016852828683115541730312935938560343213944442343801439100714779693028302044057971397136141839245668275353168884822092712286904794842165,0.0000007097628122896159156313612838226050346188609115447570890957048101759750479555702419856286072274605930116062482409670585839952226725563637979401007845338763894400913170218211720187001183791857025898957904738633131678936324673179767748008739748475786607459911306660230702868072,0.00000014917077894143435850126903507567628300308018010312841949121216615155841253314252442903581744522799538018747979671462021711946595425191612934807322569834020304603463720390792133931213568810424304229163739707213485277152958255377300619054037316711089054339609888645947237556673
0.3888888888888889,-0.5555555555555556,0.16991799682834945204984598830028776070977408433114757795941754700376914181494124348903159897664754943944779480548770676314720534148759319018578702764521959122413484436499532784868195054870757507951211079957513193765901115680196585820524695339154243086785917244500131092055891,0.00000000466019264882724841067404252227659784200454101793077066755998602983867941569476512386025292264613528907061857241901634174948623872985522711272511219915928681318517975357955557412354709868052752835686017307718537255831557217243100386310645136999790399476061885591880784878541,0.0029167278548446878435147640420585768977077740307011262447213250961389647802258944559646948951849830600705184930602957501113528476718070936109272041842786754050519090322247328257381762835472933044987157781665819579220613299607149037707421807473086405103279429518073835943943656,0.82716356010062624846000945799273390132215330936655017157173195290517872552434100456674007499958798849379603569938293403113761177494384388655446731176134608100789128044918656872775460405646168109949593384255089174962921568883248046202374355981099490564519564286617730999383954,0.00000000000016410213570346944298292952927412512100791487519057294758253597360635828523172216458812396079383890884538768805413741086260691226571052000472292838677998710355478423130384464151822382323441741166332920821641132039495119501319561765494487529569086229674927531769794071001787328,0.000001710555822860683677909547513459308636333626541360547462260055387593308863139381910712536856627156529235158974087551036857808369418721692985890487532155873075035704960284323681587765306632925501492844621408278062322519996779327539418846503281167673966920878475450270722410733,0.000001084931896659870280873820421224208789246737362057641837107334979906111401281575984038783864051694860247246689661118974176043751954540458772149032101139936183946066245969639765492774500951000277739326720865988184632977702443768567675144857640803794202482677970387035467571845,0.0000000000016254425853853061691742772705669181474719215154530184351477286452674735642107742079246760532127709000361894055952835067341117113793954203748726404157562009930999967535117518930297975113376954575207124339329545167125705466209696983696670994776544086909274822885688367872624128,0.000000000000000000000000000000007165340138896400348654267152791347940608678171762651189241237867037129991109529345148628509495103751089372004915408983400326060141630378106412368527824085008991511345336143404182747604319246201663911426583713173732062044089242948813922859489292482718904940811350997870178654,0.00000000000000000011589162428114575281439289906611753624305131073944666165908486203748028671530477503665791284305660357186469997035734406730577253254782575592986231737749963472797341198337840871134075994594589118071794878218256044284321275755539235256068563107169073857272310717729290399624147,0.0000000000019987390038639246944052114286578858426864555894949332903243884824423968710935023788823482510737589573369684669695487541984552759314658798495421819387175415985677262218008060157722416127360772994861889463983003100044983614012610643946321015957184450165440110420673918163195188,0.00000034317629323552467697776194259029188936781311833963612648896725429924582692952437812589786996626576009096897033021037801614252170352999224318745708473405742375827586655432180196091248528775129110031708260634514450892322564301469177745733469887528357689365347081694509452386985,0.000000000000000000001725286994117488724412533545792548454820526750788480178941909973931945791676638494095297047303718652090304602719441160082444950191008527526130927789189323532956185107243333719475109808797592666149506748109637450966372325374133334971619813680118679281459566361736079104009845,0.000000000000000000000037274989790179379579268912190972036655809444400959720102927207268932032590047584224891266541059093473445512499774748809891113988865039943311319306776333300041934189651328550637598981701486553734067340212444674438645077045565803226016281964106653609224564455362420019875573618,0.0000000000000000000000000035316347773981054536254707976344131713657062894073971542310597614491472473253759515041707052212720751995025011743499251445904837142859637373081143337545674810338061191250351979762773937180860766908411253084790291641050690810223926478057493529130628113753585246100913852090705,0.00000000000000000013386590018577166953523844967644465023471737653713870987073095582521988151482734543525051917049436666616428365175684446285627817800016437431371056298710323198283289832465338424760784084553084997126067122061831429320654373675020745351516761270880420404509573283711835610166491,0.000000000000011027197144383265588700819394601819140097644686075038852067165186177679084819178112331766644867676157299036006573860035798241883764503936721254813216951279849439471407085599557974761079637388281270732867954312441352081896501189797107531530498841482480932790809587174802466657,0.0000043709812198710491332936074702419774568296276580833709041268273999674326872425535558633966168109779233957438400802630683287817016222791967406926261551849311204340597760738197518691784807021326087467402777945599733606164535983596526471439850366979299801873320244694976405864191,0.00000000000000000000000000000049594414947409489504350223196550531808391283994997408192773422183694753612092969177751894446639260819484073016169743663624143186234137145408707288160241376134785005127792358360023721153533433030694333780910567807482708429241704247378717687778694404737133647361595168578456035,0.00000000000000000000000000000055337863179324459828196448003474831905915782214512278684559253256127773941497003027986982174252670816213788382415786359107805497596932466845244445648554872870695908520668877413471321400310652545306010531452568774164737359593547334120153603347854925658790475983203567646932692,0.0000000000000000000000036998339369846832511064430880626458932049362289246309029586515636978024447864111762605967020248072125224884749648446180213355367617125734983548451421330787835633421952864358395205770101271898679662303562150216314480996444869423523993043422182862061110728898665567317400933534,0.0000000000000016051088167235344273108421445991002863359455064910552961066852885382819226724151725608268633058120659054399008164218715813810668002560361799270002016577960698524670822600841459665026772799633501784149730872277676953594222336322757982760995196185333897520121009478032632614615,0.000000000047914785576332403309892598098120322193723703870303884798501159069838066663427105681533430869847510994292578115519999246330574214468664183565039998194791136281407477098911657502160370276477873499556506463037489594377417196626800386804237780516946824725634653133858565460509208,0.000000014110487753733014427161511892117256695746230050600280866165422995295179975957392138537632499262364244912596310770181482009980316349179596948008144507755264518424030782597755933613994151052428000075969589319428181026271536839219543703161087003266807244049256953067700368019559,0.99999527168044743812011032227501139909905765758826922126700014498510400219990564921924612277326414864499543188668503918036565764930497606835817147933733269451749446330265753353183315605517196554166352052204895415366788078983274484597882034437992848970119578886929639735882855,0.00000000000000010184998702115647650042519021117245571378545140945378694935219006272859133645143473760126030366854949131707101931195755641082221176727567988092641980236802398624546950137055486992744148216122844353186561827065321941623148154089158325526845711160480890541706326315262277579316,0.000000000000000000000000017492099884982391802755927199476882812973798302874727817300905910858383476489552525630950085172014209385618702012861494491268454314831608729462450724549494391270830137357617984033083291095414092317996791384761886995979418809347398792182635585142099354378726494006813120041068,0.000000000000000000000011409754496716345128616584134436243943599725609703898084176491736763373011298548211807447775498385933368266577395714053799572012527239508616161620098991354192050408438231027975972556538159146105993087592223150469101110155405420422965508015628114974483197211762486216704553961,0.99999999809535850095193101427203071878108540910612812573968228360394326614577083413315777055817096244999289056864258066130959383717974824781363286233034826886973800100013450456492748084816876256164902093144261137237835086987363204938204899132743096465251614655077383835242857,0.0000000018011627292346254882192914797305380016283971143536100251352551130365645056739345379899974410327178467552567002626524969032187184854964819734966673334493056597478781490527754140117029413675313474683930549295504927921956527495016650431999560106973027350128685109439061351921222
0.3888888888888889,-0.5555555555555556,0.000000078718631785611457736990601060175434834298211873440314850393933125848479384684021863271066722143434804079513629770083279662118040451632405557044785320928003158216378721222111823149705939015415330382596352580486991816555503504568752870764648181409696505711800297830843531127848,0.0000000000000021589472334918599548818096589073374326052074821294981062166731769781108001934663412737451581394556941520372414392823980242760752039946325084100903979196224524076160553087662220823859687929859082527992735307704003279851817615418386093348471644217917120431426060295434595102352,0.00000000000012510465000329606558673692384226786066713281853088429064483662191138151415437126102269628004160513281725311576109149262005486804643988203624987839251213725361091020364249855624131981782469289867970272382093817464559662744200230833548907719328325340622269622318537148306682347,0.00000038328858593826941315905234594347556559060222099719863245490798716471814894601652392069089949700273424520899113116563202921569621156339379920067931509178424056716711622229541263089969395658632922902965528477560659644718555143327959646097947426679176634575548765789636381867677,0.0010353420524172944717287523638783333687690982437842078192690890107464060220229553475913404020326539217256733605466382664748484123915673417472042553603189018857396977843433880873185445815895348633578150990999477824532438378399214310037780184169602606217924438179082908484064764,0.99896419594023769209736804977839018331547378438848400242804792405938720439671266719377108645704952985481799089211135299201173465256979981169027235324630157911466903345443552263706486738791188935001659281659463200861468016047605171453287948023745763494180886627278527329982047,0.011582544292485979906854957349240281802422257539767579663991423319869169155222871858564319545598667717710611190885594089129608601375082764550109109028394962579494305097044325824819262990769435403922741573433769543164505226280231700669498466048946361815756720396448539708119883,0.0000000000015521522499156866162701232761042573499054199522252776690048800324557391985582848345820830495336440332527225549771996441195327638351627109787868144154475102886916246324095260680821672805918922174876862143554860255003874229028291750184198221492660414994351253091749689023079466,0.0000000000000000000086252960389990390451036320195691658579308808518294197650907920887223174971422507783801573768392610645758618042882898985133249490191605148313773472622784955084103562093929105778198146808914780158393056105073555998646051866358524778643755422939459611490533690878064969844329792,0.000000000012913153062560325570848704829172665181424525996571883382514120648490258511658127404111538985822998747417545031685887859986672031520552300902222658278653174253226498377791360373688632243340466820795510304880197845050599774554113095985751143032335907551816138444344070445900056,0.000000020614812396403710363622555218150191163522633989962654070991823188935315759040577973732339981791609816705693094269086282211217030499961965661314593020571380722899605056196046941938536540925028863807695014181255771596307244071665624257045632651619818868715771059000804964300823,0.00000032770265800374681625388774530183358078760208343166866296522194846168434704175218732281274097394909329781942829908605916510537906591628172445512001324853130882217158605666242433301444360714474949204750088859932645983685160185488221998979488843139125023261729848682680513209445,0.00000000000019223904376244272192047225995787296108127069067427507079589029255005202870653710833250373393546302371030032904321774860474204199155107909446372639105670727142689399172170548443201534529633710460982187256747466500989429554281837710501614047861775475580919147469896659028044741,0.00000048463563712778566076376168967885593946866969470067878428878696013170876466917622485719766632585049714215494531905198134260645765931118266397083538639238068078792010325571026496857164475580067912518850326107438420390675748426357881946234795442433237292730920950251164268385519,0.0000000000000042502712593584582089217033549221529931545884535225842664847547850367591467695979183330244900971718958032613422775320707385905966736399625921163946905101617984939257315319952933183579433453943545447537198356868144348495447752015274526666861664752128672242808348999084909534214,0.000000000014915925716622425966381087160440043366935436514762049008018119536945510123004620412387955254589266591576231036200908181585778142751985571886119939091343699687929498622360792575614394944293270764285899414653562708601721640567324229442994964035076710809102962970806318136276989,0.0000012286986696381582751535923225454051549058153748653682653816061248093868011157974301687061127424936671564906288508927876781332224901887865218241130347770269390463540738550708767153624961268326323260146927797416765356114520703131249865623572171364230026239879235463742138456859,0.045091904152622096764546782393546954741453220422641673033157180301283242102794935986558724898769970324274216970845336089039944229556650431900932273948281293715102267668196313480597398880899079830950058757034365721714741489507049509921400345254424874097415271997731136566276959,0.00000000000000000059699400518375081544936595601896572909568580220341698646324674755450643895175688194318000724166256210634159098401751603036989432706495009545565593343709410631018232304782659336429259022095623887744162041365928726541254875411757913250985235299872242993665206005813520861858159,0.000000000077727938242721345621851200190129174051515250189774480668354115093887646766026485469757876712522206126431929035115776333037625881899892828868024781082264339359975188902438968559142926293879832345518279633686669972919490939377980041163485990740970954707983081245508794859632343,0.00000000000000041225172423535554754162177304747084517361952893362715005218059967634295633721327877811635373918940678645035622419780626951263918617467402478960136753761918374950453603784417682960816645022832842956802366940398360414338273571823456844179655181638406212523668109685901532574931,0.000000000016554946428024001430751470766893642383917471308809529037361085656062234596747643071844767804341324668778884014535796446877906151975599924270606000297966994488906832146300027079180490846232718647738594978871455525398957670553208097479406283318277285677343000479903801185339266,0.00000000004575433356134343381003568486049362719175529331098139135110398201264823169037226936462147221964477851283420973446494736104030502861218816934296396978891175704040648867880178987556011011824763479580162833342273523684046933522582120963908527784740852414906409565835144477726351,0.000000013474253419521859849452395772337137965491356997287200328511892515446362532629947555180838826703196394303465962682980729088955062851725402810558527457011761494672982278813166749605113600171022172879574651800382657522100287306072580697601068008948009725416750393650256146467829,0.95490602055065852575028628007833577959707626522119705847103909596766267431268203377545248511771566395690192426739495748125175978456939004493084573047312792838915562834571996350941698849852838660257317989104061512808159988475327916521043792734183528382571979229735959340374629,0.0000000000010504715077648288515248783070628960163452362699641851994873738308453752532365576077591192044401755107679576331147150785421124924644817026590239588189623576286635471727036166023343889817782645840661730877036741716421127371656556798961769285384790510427166167344828854923956613,0.000000000000021056158804339951589284677982969310723848413774169739628562384779783049028885168372530542375208134118218709587010336991422087875619609141170321207075586130842356191146572182338062408838132747730872753290304910732412184806901932229873824889487322115939591496752990429534285237,0.0000000000000012713248876804626729310854913942591146672178340995132097335773244087007381970405016411663036853645110882532414481883960324057791338236928847079200755905109800961370802998847672366486847418037465985582423387220780717601428957156610082562828430928875306375459843430172326693099,0.99998054175080148912760671817322915572243344526527268491125027780360789311852954172446620434640541571954963969897385160009581984597221434641721590959266536599723041612796225052037446124172004216514574951899729888961880506899976905416704023582494804154973184741011821204193602,0.000019458145721754377553445039121092551877930530926502849650879977569983398865576353976910818985390532650577856318264795559836123327256102271739732974671553111333346820900117678067768002098505333598249667105322387944399473966217711725099284138276372977068045868896859830669445548
0.3888888888888889,-0.5555555555555556,0.00000055914155815632357119676108845940137932220783820807033520540790306994306574840897010757157697890838628595183142787303312090814296890661784903676585606262591645733846950510131232542473365540770362430240436888840515466909225426711690898727386759411991036738893962082184556147666,0.00000000000001533508767529891185677438693189981717389059063916398525031480764563691288960909574361453742502482557117605924758280432766920079494944954127379337347413571128904907810157455070259404398216530437150406968695238226793047883359342225791290668937735605767940868353151579166786442,0.00000000000012428441825022938048453941045368340566767760706639920937186460196404573710428609739401696165532194035173156705357143035585635387409859534079247914361742350070632440104147399487156646138466019706379495460744243838650559247321518889912328330836513970004136561748775083430147185,0.0000027225140008623858190603751254377174352207488689615826599794807587703470851007282743234024828083336129075150401891864792295939085200432347863369759421092019470223577785536755090428389665978261991980256573323794346018543663153451102518801689703904424124361178532055244585235901,0.0073540755889914777915024782669147686352378742934522006240458607098557199907699604218118003899246568414657418927901684784474774920399280071463995094920632382486059024404645172559730517789896380669673430459829936311167854251556896352375952277982260539626206683225746225003840294,0.99263478395442698615761040902772532418746269648203330629884867244566149391613249739037732767436383938540187925900172020904899302363362069613234277260153776184085090350925527399411245036080416176275654561958885741467294010076963166944843161490480791619425677574691493337629609,0.077307488225611532029480167245017986265811025673475255814906238312194168294598799268281671606695626562876295460767250717154227878847812860048097587649800290606695462581863281404102317991115348937289438762424106665281046877460760745183378577920483902749234347191599158901559236,0.00000000000000000000025995741630164127270277347321401328144111411013057597685936406317508681186406274365771653647742383795869960368550524911715086061849127125568188933402195451763633041101142457079544278910634018066358455713962788460704799684009093351114410542237516180876068691073415550617978751,0.00000000000000000000000000052777916780810507565280388517027715708180182960945776334319063846583544820815031172355513105914855564134711157878728999449309764572305098531513872155482788807218643823035813171700555997827201766125035538884897729141247566566022607060810085644382186809454903898732828153174829,0.00000000000000000011053653952247644544585458446852415308713362668805912850507218127278317887157828929024325276541583471760451010002982266364108719869419322518614805192995654886818295549464845242211910636740227839870963832068940344770393175971032877296744373791590272427528826847548654121958949,0.000000000000000024685861260160871829150957213284285031582808786471660983452304176808410947899635285089447463594818893658943828967919740700195454296469385312995988956185209731009539201905084988627177636267367156919827120652197326061622592883743283742152522523915286308540656099353341093469105,0.000000000000000054884265570250562930584954993865082647517781373579242186495938638784375551123396258134584001674232476495781660696586311034574663078686357857795837694052160006540024012541327378332911281178372324240326414797509747304517072155985646521963740297817291780068374244098160616126603,0.0000000000098138270360753621760654795080391473713874744100142632013838075742946445672183395260173225375806626055049685361477581461967997187838452163728466013646537291063590616536640355199108291500641150831077879688880114398926505860731089349962313497281052291818129308916940338602373093,0.00000000000000008116769993554602076988602825208213824719721327221447474333486425875308706450143456433321750603599061795698882170666178118273833237466922046913208288151047667468446215080558475399895205135627029313146912535451114928467451642776367267283080143715964497689347652414470740426591,0.00000000000000000000026013046522372174755757642345375186225254170131680380330219157214431057712285084130059321764058060730339209219008365922130748298391666507470158287405991812140761093474283656322693080368074242475088610507558842798119532310687394945983360941505215802042497615164274314524110018,0.00000000000000000012768026557898265212815591329120176887113506120674505926371357539959188460883966670705318738723984083830534616476289442803199583420359894732488333576303732882968883748044862260520166640630156987199492763649504393399481257097687740661042761478368164898470607810627919916058265,0.000000000000010517655788612171229373005898774162656998206755265293981359391460900490756494081582616305612647189552393838179908278874187796417842186077083236261125961846727882582765590526310992456060579332609103143634755403236429838685372796046959653430111661581928469712571258949374034483,0.00000000005398475526615188050997435971723738285641775630636448549421614286668483648955093099864878385471617969866973130053510127864054324430267342624276144954585892031328585334272677527912398975827490079199804789725507460013938129899828086617526486063172503406691406946041684643775444,0.0000000000000002178569607423898562724083024797704835431040170248604732782516237496744846662314807101840231084847756939647979151984319740654526543388639392704575562272922841001460587919399083901829165637414528451353135765458076877050281822858069047999882467455884231042981864511836885665358,0.000000000000000000093057141902309185970124571732742172641225740294608088184786737712708785389206056071604141469557228076668656773900744265550010463368736077103615260887738347719438400917287376774092460366330927133739895700476648042647381192642095597146945183707061234087135923509017762207712603,0.0000000000000000000000035288731410820411603462382684354083371664013814823168303853104734372129164615092714219966719723343704264818334428385302475173444993437769591919251740592861794587414398862519046987806133341478836159618514243825888454632293677257035624723023747680996564161416098520251127518465,0.000000000000000000019824245927306608831943874446116436147346385409824147475862561671457832028572931000874197638504249291180627061383293318136836893980892841813152893998268739666344865592152918478569654182037227136003032519881148315715268922702682376503314584609705195961346233577884648613189513,0.000000000000000000007663022965599168503378811022273200075299939997923123079405213542892395376801809776227311196697054858531011047579976644095978081313475889380463327175952330699717595920466560235956062225931922550024141644530806673048394887939612438962425806567936140417181543930206970369060647,0.0000000000000000022566936366730306699691666010231576148044173701937597857335708893476276237230475942255576016676525204411853363766857976708230077286537649874465376931247977136036286354838656248881758703500513067408198912691242478951169838769846252806146896639699409794043721261794025498260033,0.95378779576202871070620126479505926559750502695572820354296934557006565062296303537675283244277724718946921376687555031061777021580987418182154094596406098741885282277678545094976183033014330381159601538260425553272398870996483393041604897179128625779669436301783674553950615,0.0000000000075019887889887937731092352994799193718579066866276567515508003429726467476228842342237699677891057731867430307893822740256470284235742743226115838845558308622411655895887342559237472518224766413270807644263485007991343815454886760395909929460377183097446977635216922751515933,0.045825145686195851768926210251823589830274866572148080867228206618821564480834170223426133986510895538831450915044052570393123822825300046482103488619223477223004769166399367015742713473912337981330466471628131314271670668535891396946050617287519284174425171131625300753043668,0.00038705848046332687441752551924562425705183369540775516744354484050621951669668866466085097447402592321802445237380900480140214673732121765429323838599311455554895649359946034661227821120354953638929456709615151652793364996046254764815812313465483000266733494883030722706149545,0.6183274541541575638319272351471135274070001537915708788246769063707617238026127477000503915693880388741235908487526793636919152907907554909889308349808968543780126706881918079474635419476792908022170890439735843397288931856998749180268000806144662019349224112245274366757869,0.000086025941795503796141766807980205561556037097752474090095619240637134144698755615638988916324656470665695465684940293898233024539053857785928454988344579021013721059714957220645818360446477124899900900447862621634491708012995709710927271112147396039497426740319725440403904656
0.3888888888888889,-0.5555555555555556,0.14822666232793229578133072661816205526827084863658164519580090631080817958392328292871514081391082936555296017069769864906377840820335757489409031507659758696600409427911390413208736950759832309326449512619368608298547889543437251974515649937471986913529418619114978963759934,0.0000000040652833427564299385484975731819480126079505587034950160928433605518701182179350856121640121921777127942794045027847447496316408830135513874931281138121002587498397464759993845772625070429892646274488474922530679821766794573056196157501113372002676383299786248599284274806352,0.13004346466350940423171467015777177853507242667365073744628072037946877922453658249504900757489270865624907884247584677961661166410677959855377168275721694064290256288292987662032305469679189332574821220059288893643875976140903347606920300058121405936558857128813955105397651,0.72172986894327067773894780907251384324869707779193038488238679588048921009005885452739901140064395252304603579787552879526824118191963711032733142881972029919924375610701542254055093347336411126938124236697505910303241687643871620503891836363092818941065383280897621696185946,0.0000000000000000000000080345178419543480431928649259574103632516635048140194359894306295273352133213100728101080497123960457803408210585412838686608542040636173768987836276827104702129972028848927172698158790673886321870383448147575964634328057027690094208081161974236510019612500695605233121049186,0.0000000000000042794915688210852127954179684412852973586915306042688946094041927610393812554010294922095828709367512365583595868521348270362657093876373601349578718012701991589863936812450122006193179313681391136391043458546210786431511427968626744944561846516850375099348698821864677749699,0.000000021227422652651258340900224088379753003947612806309191993597653489734802928887256440253717412539992927643737773524759666184293177495603398086071680410006546515561436544120198258354650901385072895393209368949283809871670764413148583622024784671157127321367741050502283927958092,0.0000000042411429614300775388056982445721957631554985866329350024573036936774193334651646948126772392770991014494695852580070946958885418398634329841538901526652375547524215973855072851133378032600751205618434704049058281122452870857778582033499876378783646426913699643890294288255325,0.00000000000000000000000000000000014003321902983146755404215098078514461593086742736762062567813402686793822610168504981634372881192395710440166930746261144519627264998916656689135508489820592208098240660885017765168579636799207829538268879047533322985389601304156719534561259023251542857401714526823854505105,0.00000000000000000011575825816923510732777934212404075033796056457296808073829813185774216300855995367103462724764809602855223593703864036576418982215323244699838074530689054158168979685397238718199616767939767351939202848507830526448325443127171623074624030434692423656662691623443045406356322,0.00000000010201531105161752623878546313248801744464308377579596848849933504399942674747003411619367268851454888004777586625934751659801813857480026105688769108313424916661304813972406845084536324367236196706549817459643815793560447729322929094514188629273920367636406450763967248149152,0.00089542364256470957476024617093826428874624577490366956143531962156462947241770642855338668423825846826831418801061381836905368583360359475808159269350680979829011046377459658760089865632542936043433767559952860038253566671948915696277612401618261111428474048392772882677876734,0.00000000000000000000000065970524536789834251269751511713114927380425981923062358489264771137793817136773459864719434071034786713515106336507667005612115667754462340470844192906984008569378581395378272880872036105359072994993745507572488593914382102004247179245065873742415061658769363286665765892525,0.0000000000000000000000000000054562564843552578937626540916361702439509845990759208069906029560248516884470106505965177559899532681575769746228124349046179682248378947555086747264910710617660973405287820163342271907794730797970488558711396953308350052467448963440512695419216639872648123653535891032639333,0.000000000000000000000000000069019219845846421667066419415699387851694841581057450142985333660876893614826134504223762051923991393939373105856918029290228792583302271632994566952424714842438770693147275697784071584489995182817572590597575901989642913151282508788908273878477279528023270239524729838002961,0.00000000000000000013371184958258087660566420796540447289594927553803741208075957789047440356158504160999845991247425226571967547134556891309288692360034837681315025288714389696745482832653809009291869548466196168205396223833065482434081191386674490385644961351377454609717504988879769924599964,0.000000000000011012064265019150855899835107858422925447931617574360781109985519688840951551280681001884705102313450440260096246910032430097596304310577357376508014105731835950907765306559231521808524182208567503921097509078629294238690306369394228130439800400762860311488068870051808380403,0.00022314365707455905650601414689204435246251314230741119663465879823758437070629015915561035726010292805428428926350228273968190242778065273650597705042628981674539051090009418483335365092517253191641059602897858515688688197369523288586608373829210679680493255675860134454118177,0.0000000000000000000000000000000000037111800337324027136000499868878372451309118921785598862537821955988607931548488574076802078547658334606693444276918973453924581166256523598729363478500547885576837732223919845207877469599994220782083117640466198197775488732340961640438840711279306822275335223857709152357167,0.0000000000000000000000000000000000000015852227344363895500213530473859693120504006265748962094555719120680326332534160517822617561524333397108478734511880194353484672092739623746944086759241608263334439725936461922819316445624731266311793372050189492686431965504224509109676687449717627316504357171562640804186343,0.000000000000000000000003695576230960176060474135471530362699090298270374043029863422563118285418067553281856992437185248928747030094844482642204383977383443275158225702309805216243661360967212493132627679271920429141619907332791083737068271578904169720569068482422719757794744901211280870193187064,0.000000000000081924490838071331660181164444361930977482598737211745104037149363183694056663971861762139971724449556893664999136713468279782282385994087897226154173996875982924491167622820713355443568409361801611046299365943625763770847033947741425208359573176096929926505699193273853634744,0.00000012499265467127291514828930493531895575541576358905070209920686605906531135658101829179387529644877728449925505871689621761754959585673836934124067213610586839124016647381495551047386291164873370659953772594864182607007118297865642067263005564524958372774881276145333771664904,0.00003680925004320091570589438135005781814052093782344406023913335250847269000533015866842843870217629481208117229809689056780637099994892027087958739671319125314720659982162057020822344329063904389861950072303221064861457724650253944144181843948180732630629562972665458755165383,0.99884449411441164790337189902137518982096745050917129214743242434973288938784159271719542351763297070962486381409472819149680463545177093149168059776259659594160781000169107846808371471334705756247291124881030586246361860641930127852708153355046926505027574409541266798126977,0.0000000000000000019904681793537012244295390269970413836848462409654926679449014088490583454290396606463715612701937629115935516890129728459741227739607137732747043852653951014686888627883125558532674153815543038196531745500966203417925370310977868846700968999354059283313295956811209520706961,0.000000000000000000000000000000000050108321531768912777315103062541367786031132183971448339085233837537990581339765553461861860099706841332345197310968089771557896587463275524306210264077698790762029977993888989810803647473160683728213348739794236180251900268320035072287714752565857071012587704350959169792073,0.0000000000000000000000000000016705130745956865406937783037555895203738298896443192781306164916431877681154133899396044779657690686396478746822756116999624211282053772102017690059100339788820504983002391314611744283813725259854965234367800221161938624903663266423870669875371552072930126146516861799255437,0.9999999999647116365480438667200971749843311827685070307371340512165985774394573869420664626223355966383195907699676944849260787239851929195784587170957416049800075131791151826379648583925621703890826709639630701046946329703519849067383903684278707147956125143856814737457444,0.000000000035248741465209862271265950588336325906205356433942897720341334995404867037182254502044968579280669742332475904121711100022770682614204820059812442615394894180613451113906115870010508764215383834642637422768878447760579152831615033645437155867108621861663726187784045282144925
0.3888888888888889,-0.5555555555555556,0.00000055914595237302944453125701759651533720836800062015354690284835685490872160090779257410931814940365749982350561922301119059100860243687541652734274184060791741773738859439486357041808912455227683006746670100844839123819147107749719762842031405608023611373532397013160426841174,0.000000000000015335208191646624848761465325897584441967594185235930100213977198549666599514215312134469766211067882275828077244094334601909863898300483232643557298049430951465797902034408011406310546101060615083883167541016771077062138496490964681550531459213971753146238063455811967046102,0.00000000000012431296704258558960058924881641141903014532619120643275302566657297966073996051241183401555194731759875342310669391784688229730004532561707058683228154881587931854318782324516368524039482234362881406736168027470232564895320203219009901645002840524317159021439957672308038462,0.0000027225353967259652039335795607891972716114602787435322430447259085105399964746327341201250276596057787528221262674252437001560181161218063201561989767719567377519406544897228302040485655171466682535289228428143013250389717724422690925382671198760185245872799648173243777011182,0.007354133383661424029535498052562410935913205527964186673153087165061866085053644139842463717828025384204932192046821489789660314999080563888626531870081874990333980128330936540013114981477003579284185582374555903934139861607565414941654307173020045443775417470864920410404614,0.99264258493484982829601177343497021898427136897211119412271454322807637862736514419191741861339574447252375923343634973704349141756197413753470708006014463490219931072413177617691634652239103677403957322291682003848348295391993660237196972040072205013541262443389169289183291,0.077307488225611532029480167245017986265811025673475255814906238312194168294598799268281671606695626562876295460767250717154227878847812860048097587649800290606695462581863281404102317991115348937289438762424106665281046877460760745183378577920483902749234347191599158901559236,0.0000000000048089806024613484381527988309443375386214746865502873373575961063117434939137870815132960713115662313362420129847251269133697962471420158264147763641685812868331502103937731812239298879838698704837912156380774337779052623375458722678999169955664479239080542929116184302784889,0.0000000000000000097634443997831821732993098252228183024508317001526136288748544074053632861405414514088813494722765626854861226169102228133093657090090916421479051182460548231965966290401038872118208751305086403056337927715346106953035047946402791755520745079406974460910365228393604414758049,0.0000000020448275028629550774251165736105415647991691890969231428662575499055431846649510397286139124289450496718585362735896023200856037225387848293504183751049855080288842345890308617641370386035119139013937471943906289257961827008275820217568737132223962961847326316840723505098635,0.00000045656515382190164061652867695678352091293409509842445644903570959668669037937079319745931875355492293946889890171136161840203416615682818423354377789733033541516589393246229782905873944160765670661015994153181605910350641368530879097123634360173497906310935747350846227734308,0.0000010153100160120541490793468216669687743198383573690092432139032966318757076858036950027967753955949694049608191009735589637881635515710426109401422464898918313584759278191493608172034642114797386215976750970996783839798160080687311326962959983663337657006936361009181323659705,0.00000000000001165345307406976450133107163290307630124809671217331481578157984008338243870103849890844472274457332390831019767745390464049810465096785853142641774194960821934971134040502434238311608189763565134433277151639300354395335731206229367566665180667656019289336022320246901316445,0.000001501197102903950486613183093566241434566475564401085166077882014235442905878675044944500843695806502728786735272705911708947690164958478565163222529894750710391938396596995242553222656644046996053828333814106939983470102401521023136244736172827952439857512363721018199355336,0.0000000000048111145330101058376063356409877080739316222430066338734377131563889861956115690514632760271711288070016875410090540182411702384370693448609805695500413794162069865136905831322298762672024128820887038165331890237531595134352697087126223044237056083620474635182325983243318081,0.0000000023614472867579179658218966184829250035111902686086009459552285990903598445504103547109749574462463538471871153099009251023507130492866103590719154967554163386676556542280396997584509726323163026704481292710835289064574195350836879134474444950570236957840061194366504375780632,0.00019452410764064275804666856801820689630251285699387836993618978611869858961130109313415616581198972850513959077962096182830246889393316083766426930702959757829579852523360165121425091282606993486916938635463967964766889133044174072154562172735089026924007145888967476628144896,0.99866987677054040955099985555326228854725582751971634135204672999060439180665323494751889340527791262647024786250825580947927959732120662866515225671688191022488685257907870975745556373326193210098082035548343693211669485865651945466088338733339844260709997676203022195019562,0.0000000000000000002586947843627558378567538400835373289010002317934990151863124966618934782269611657506226980111213701126876035426376293010558477581504152603142753236729995923947777486976130690185302874820581979178181262939600594522488225989387905766248783553310975068671487697310261141144315,0.0000000017214742194907428488984982431654825101237533682967388376558640816157295204622893764664632760200868011508740650590915881044058696518420013683294426172959642867010357007504889956367893888376915363340516884361933531368226473047554770299474626072694458615922079350035910425204525,0.00000000000006526653016057633155337883427384578328132055116866915673126081918250787902123397477475600765270361469103547345700334113649144679232244433075289584086196876673027750439246269368975859620920542645698704299241156087522164760422254990273760714820235606849278105880971869025041508,0.00000000036664954873626060170162567011641247311440785183041454012410567677183312564632418347475378424134566926956836524627465100205746826015115313754292114498322330270769659663519773563724625543210491847497745666581408545460731444150038930465194965285987604585610021807155067263687956,0.00000000014172765625462900306759743030255951905992461100017452916181442330395810066233493966663878628461073582444061918096115059700521695473210607686397383315807437532359216571603887607841044675143166460324665991443112723459395337176280480795489696524342913115932275206590583477647819,0.000000041737562505842821413779778919069676535481753223858176052211360489152837805917172350662137402608328491541563816648371486263754447056816636220654695339302961222150003222086422262925772263073076636876307281818522363822287673757827968353209141017483111969486321956816656578973032,0.0011325776661515521602594193739623947103014388124896610244410718936222470724828979154683095255931374121904911258022278331684213320746236500144757436131832670203561529528916661539042041735749462792970399316794338176178732649453878826676811779949315093532343996811100515204711818,0.0000000000000089082550561885634569345887992968694027717749650316522376645412921005169775287232793629107120257819213384775141010004515852389381526740784693695044485030351577567767264005472232323877474546353584186306314710885476728506143376753813565936556988628018639534909135117175925310058,0.0000000000000000034928947977777575433168186802073428377315241651313813394436135557498969309208497760425317335175319023166913593400698088511851880708644591819725992485278454547301228977253778575726428076899305668219714297808615706041321802745214928471876692570254568768291308210696488936820958,0.00000000000000000002950246055089735913508310557074421805584447335908834765511211135274863222511813372880512486155819268286498117231717416884405642143678690423620117076999626440802827814582577079711965083729073344416443124161053033897878397638394378800152538734589451813352872492327227575328995,0.99986089251837354504851260143633361968466893754728074497920524654305792561753469197968037945476322278464288107631176684588780615511297636710637039400203604815075068794739772412292732788118529597156071289670748016023701251552230405485725548463835563338962629116888555811737856,0.00013910748158683847645452286499580019893884438195524113747735883008830317764640694282568070789566127487436351225077654166504608478453189814111516824061005603431468855594369217654468185568463283589462395817604628410360886526542134924813338427801032179123560274822553264380945412
0.3888888888888889,-0.5555555555555556,0.0000000035649421461761547479701139005434196918897013473381072145141437340383132737799184493435589318860836361660194855654143071832935498477627066649810261434263459847137816149715614989161228885366740741191852276970571429991211619371059142824869998669154971067793841390491856029819501,0.000000000000000097772557899721428173238124437777187752840745773767848409845300242839181989395636111901671971998936756698389498066704580805979963730670563760270231965622551499435198042916968146308193739876714907816256117039380212394915660382070686024955631309903455083110451667923138825594123,0.00000000000012522849500315057547210799251324176247857900538659585823915834416225281403768773570673780762406975830669635784977805191991307504867934190896209532193405638019375127539532779006212991980938996037119160290124616622055855791731649671904718417175097950606160064351679826906977255,0.000000017354196095912536255514754427029720247747487471959892474999527758417040908190843751110257211356405673970183354382131519955001461906336979122378426981288160066581763041756655706257037278453691636910394419787419334204245555267897121916030776806002133088894886969356460096852239,0.000046877286888183115947389691723732583863526234315249739281474162398501319788764709369113275976604798515154050237633947356580194218286547693014730576344519708954606525421692254490816034699196071695609945619524890719457124365482714878580923476903701512534276986977729270931958392,0.99995310179383555390770341402737143718951075709408747897037641723171903640581780774196670785900396127211353157055045605958946468390054914293868809553980325897855886076236380061184078617479463545429659060868073260358445789240769314702305121862204893786754872118927050524785074,0.00052988133016132234118471638501538657461544501842013519058027038397949047958628495354681323132989090858264866955012484446651095813277140403552712960888261873304039244704318359196837827568800100119382594734380452431864594571171636919246804326354618086158789089883462579966049272,0.0000000000000000068070975439260985108911922876996344667759703631008585407905894154906371081909402973208259751968887659960006560658768697205900743611084894800878010774621156390665386330347236643159465848799033378398070392859938766686415093097481805842818746013492475119506878365379915749637181,0.000000000000000000000000000003501424090779252766282609836911276413511591552381206139499772086907985529152980076994748601513995441559856772185628130403614036667385395311143610896648567627886354983262902708795528755472828029606322189145628931016763655570884227914745629427753304370876572965200252425851957,0.00000000000000000011589217121916764138276861296143730078189438518668131013760292806546532069956024156335065631136613799876138142934874283566109002324023982700605917617129075280747797257503867586496046089764689337588248730840268880568340635832875063020604250792099273374107074449734449248432774,0.0000000000000040902728774027771149516490474896038999150883499920608210412503822802202781042798276787147013689482461716218033316227740952464673010506385876601663811742931202442291938511665208064791998100276848726989590688382571314656767651055727518115456081627608478168481878499672536840265,0.0000000000014371682665515145658152730664628428234402064113070531286335149621278726296293145750835399699753344293048044236621153846406219492402442519445124681814297551971933605462758735646307061176840567379645294088164974167125167897161944759419216840770035990828461923498798176072674663,0.00000000000000041197902687853233886294905334962320430326979952673798540273040726816287189096600032639285817092748325204807004149768641792033647918577523437948535994492575673340858520528604166855772087015643299846442755282866110579553076015773155138327041124934079692897038247137712251633635,0.0000000000021254113798248930455258396890294139675005927571047048312227200835396104469143233243912842150057201333007039043134667714378527998190287684701857435977440436295101743348020493060898816350908323972263062431213462478490390204484273115627859741250956928636911504328309768063244387,0.0000000000000000000000017257730756268141389824609722861769314713475746725680992171681684739419155891544183903326478925917094838844264395285025849607003260915478669303520569958372630310495117614524460911823387073879357827337111482754449585211525965760938987583312631954354418424225952832395487517328,0.00000000000000000013386653195144950581801395870204642640848441270123339207381251365553843468851605913172662535195287542590823292448106329318515537977705830290062610052074758845248707091828003285543387946960318928684370936678755833255816758509830788648689220676083970284705653323527564618922735,0.000000000000011027249186050899016190134754778187151830974468066100892316788370266233511944850140030856559231227506964680818030280658667357148183935523563376693987268906002716060995398937122927519255473062494587167331468258750482886848471842740806506119796240335768825300182349761396631593,0.0000000089448927032059617013729396544075772506957455560729957733843352154394259780160386596641197248934293831429948896317904091184081407754881924059989356677122090429062903352106489104532467862148317527746162637086369681812438814518811212172394712674873109726388737992749990016918577,0.000000000000000000000057869853781677680075944977692183209344975114692812985704076275777805335115443405500766733506696623157069927254320668127844043536097218647683539587363459015989415160312218265597837303795604403763412001301873432380378399401693555425809128318146102635809909277584276897498527453,0.000000000000000015418911236688866609155528520549246908306751077110863744064801088273000617187151294975301194325596862819793371395721951174976917613692779330836820368663362588625436761008111097639687936937829237287324950981148653909847301124617971367413415879238174193496503193776800227478196,0.0000000000000000000000036998513979519173761541775020040081131142796143468437767955266868776481407300848773534615095678268881568165607160473445557278063076084872751574527946427172285724781833524283167395929493591353247172765468445160528951331352304922474083120136117397216902096121618861309039344473,0.0000000000000000032847375498413658172032274512518287079501139900424791814600888734620643508136724319805933343707801948995390062168705696083217790940455624236545532096806497981650379225670948550290869928420436276727810622788093456538507374342817418554918862143381159670168552115712515352055432,0.00000000000000020065957551929262841677485321337873869988819991459686235047575421603545145782580278001639475733927921824848966662813787891697614671837690919802840284570800834535417300973753426525512484328992065618148198825353782405332495726593986049436308073437710474258443730257114085031728,0.000000000000059092500341540154086066146571363992125041084993780787913897126469292154440626508140590538325731859252798278048016919032866606450086604244667165841202569102620942062767727280195080856759231155333112593005786176811907595309616158309092419896005195168748094664140344247127129314,0.99999999105028145901210834772800825668103537742826494668707101597341975654628538614716949570003755341183996275222978238570868957339778884355537099436880907925264870529264045114436214014623272344884316919454668592562385955425454184221407407798092565065499282048807327776994687,0.000000000000049770142280553007036537137789535983162215506893032803491940099507790144919581013615501770583482539619080099733097382387647700255224817808533361897908880301584340327742938327181797066595126960041367876310501979790808559990398284099729652925662260373155860227657263871693209009,0.00000000000048738624871696968542092135368584554015836852215772670795103022720455267312418536182538606740880277682929171079370643870395598171395966209307084686914117367257154127900842241628722910689132466134361159576386622569998684674919221794859496677306060451835716718514742315079856949,0.00000000000065058158794501695331941710170400490664816991420558637815732627142923245672970382958970645756334127761556659962204844135739449593988817133813171337790906314847842328194346487074024048945522069885885747681412177633356704784334794722387970133599222310656336973749196796751545379,0.99997441105686597824899795280123256169442494257424993392464061466163341018507020278405994586398660560444235153484615516388668999416719927714297905999657722831622465978763730974036614833942743682574728753236321895396176638158813011757610614742472607685351190876737080793505695,0.00000088013176187412946675947596761010983803281211865419072393430440590029019164364982955354744981697229221458243919553576239306521448555674916010701797633417460656674894739139994274939197985181339011900985860365757828131714416113861988819977636762964461463014413841967488175281767
0.3888888888888889,-0.5555555555555556,0.000067485208332618231817997015705556724433060402127685155601660388546419684653805096746763281484988625446201213851084497563793454353112204715275592584285514406479448984979718692982304140017927873494031217481602315978224111941554095027761366988636691172428199302565258195799952067,0.0000000000018504474174102597249130636005304001116958516674977994569162419431921942956560062631385471484267969904677992853986954004455605812130035994123328669070644228382291441944098322204835006237669345037761947530141250093157703801254223140645519670432494757722308809016503949594641764,0.000000000074000666901344089424700843100718167536627615822311049807182595545947796324291699418184473183308693871343234377115588434841728574121362521826463631598317975828714651793276327826473427712484515241629010164795961706606879918750965947748188065359588536500221318451379874515230284,0.00032851908697423705178043314304973101490424895776250491984128969996286913387477436399568449002869270669716182781885310043677008132161191582451376807393690384010030257718786489982996098660646931995997954253866871725040616280047278105361327525307708980466533837887153616471684281,0.0014989347504868978460022768936420127090629042982817634741864759511517884468691270625800384577198012843879837384887465691485885445660033756013364941124375225877982591119474513755792045803089881710684013096834640157369604180267203126519453134562053330802353463108402819959951429,0.99810506087821287896069037102998567657859710009807903075622736084973446209032418739211205572991581791781511056966175382095650922054055859112971202307971374795862405076570436110999192018489506453215299467138465178793262230270810970732478741736722336128714742567827336933014333,0.016700075835847385024600460843393862863734000466693572957967880613464954421192621467614187823930265251864670405357015584521758482004514720442811828530749077482024911126117613981077540597183594224792607327929642056566858228874214084486373637805697189767021243283034610558899271,0.00000000000000062223002503966054842002596209792680349487007994550886274266438057197143817715971894368697426930816235628178852443276865428403236380874498178470240026048811826670528495798088939230248863482565268463264039767480272350831438335281291223364229821096963670981553411439875997245009,0.000000000000000000000010526821976730255502917747518210232184493828286008266334992693274232637065256223102417876901101877085802028637212443832713544776184391054455025138856733770173985964386371311362766443572477410773844767660119558382279976051763101200674844396520119506233043738846084485224690227,0.000000000000010873934003773679450886770236141656244564191568586282565391612716258333887129904380078845591397599371841724730380241599769200540719122785440690207005795348561604954871203349943868823270784531695809321673036802969111892665978786153054780038474317916637725590829668977622119828,0.000000000011977464886857955965443079294955292527650053812951199406124543342916181064967259493049497838445248722633968760256552125923921695815634892899128069271080652162765753330868574451889021456474261784204944845173687228837422145078815686167562134634333053255945112966248550345703002,0.00000000013137012371454601722082462183585721418942915839009297455046816753534639087289536784915201514352858539301732732950643095566324988805988616917044997717718997534314160862180508642045766163051876706556554504632525142455853535659323429319564109928017555040664610358475005782592118,0.00000000000042287044841666874508331961781443954321635756161877965549187231169271142283900927072559172473397380454390965263170176508677888080437386316309391671012352256579232377497988814314446528061158953088468333064104192126313563097031503475882598878714772869633053658443149436596409056,0.00000000000032816793529333769594307999300471952741832848290333821708976355162527840262123733912662965761513912586371049473413766910377316863670883362771152502503343584106312390782991698315609830589700071426417180457205319961364061570829786634127792056120694982037519111185745306010582788,0.0000000000000000051884334683133631886241673724941571442202654303937051239407596584831193894440852893612453643486880489740008121751377888223434127125069898320361230214512071417472694023624793735734697924819017177835257403049407845841129198700141805657168192851474102885906006487661832683411426,0.000000000000012560432844089907182935104087481353019416346628154291984531917940072649397781196852142041735431384532789330823288799577827242532697487552614135364682596523561819575774694594021934382434713302962765576381477089453438610314127308844898607814760721557746301331591618510601965444,0.0000000010346650565853967301052961984182186491079488242511255440962438619193732254150647934230283260985775749093937820059168235656906135139077181838625832894586454910364405380011000811138106177777507687435972577362943869892583377367492474806526190909439028715816645099065049419711977,0.000026198962584971894995957268098927479336849776613044597985087128978624391496027152888873363476154723825332879869164805614532546160375183393406633379394109282504521405223769354700839256118204797756460930655970730656762322596930907765642634157532712794453445691897591607524845331,0.0000000000000000019028661832960190528331293073694099512390686722454157166413041271848549382704129495695981122430598605518339472373074682625239889278519012354278375808050070669344635230193707489640393538868856748442114344240187922939702786902519900923385374871747541782214551559760392779960933,0.000000000000000076282834295236490549536472418999222201093817665380971464370675496845470307847843046626973674228278324160093245041646604367836385623711389945796686930763045272549500090762257781297995052459222294844889490061303001301154564732047659688818428538360789396021066075777862050672915,0.00000000000000000034714976431854863318432834752278500390937850746769712520156751690060481625223276729514643079922974560995948261868864697122778141919475810971639093439124855457915883592091386986806880282287633356093027286649800928483393721658304438931981874982800267616141877861775293312622082,0.000000000000009618631774697275649960699749789643773704923469495714938992813939661120032988400693837189117986168654884833516031911218879475811197012332843531140340084005475871685718859700175078627966798964725289004787496052509634997396421882078682379993666028096173678943772536063385673695,0.000000000000018342092484222594592039007168186610808918055387200397705716474951349038197082576317672894224515661369707836366505320190474554117274017613904863620674515429440005809723565690656350647685998067084570107818264156236751333205667048341699807707172832145443054156011285155623111617,0.0000000000054015867599813253062741100879434197948756705071133944855147143878165769233369587011444565300383507056201886130510382548682329191053339500342908761205482120046145854941259926569382880999797254904428653983994407735923176561954515787694220614346515509301946662158932275308883374,0.99997379966897917592584391535123803291586148518674140759343799373376555397728956902295982073905876789100256817278442005042391797371870311758791433458609298791123181597740842002966167698801182442151294536820827496256735287355733671361439653930112009981521919142736429270354115,0.0000000000015943407323128430033316116479109845749171845443372032876657382342695317353585899994921319450895802091119173617485598330558180192010021144623701170254700124643249703842493853265881017109458535157607845193495483764457477877069216629771015881069538429165943432364221431792276542,0.00000000017531891333878822252822686095277319789182594002074180542649224188455662129947115583348890004775164513225771694940443558459618169579794207935586593483894262056554047403299785834637970556001315913725559200629815010662417545089118060928733575458353918771890051212063255641293544,0.0000000000073052256005200670532394964253270134767810443115500272661597358812216797961679250377952672648514473049032523537051364341421109991752950338270234897005874639036774277510452288369157616554767136844411554780471402933789674762586574009679840961260611932926381854855920386506566383,0.99997152857381899077004591814087604048140547797501552713797156081342367482802403287824679536856696417607993754769544113720659699382361079594149617369114886182622282513099617704989302233058560215454719409282854273561381340272776278425764260547467624371597110064188088375540988,0.000028201123572087089305425296649437428766425720207801071485043188004951001430697849992015289155670848106388508178465540488652078918815015205952792263262596014160581831620875307736745511431391738323428918485661052909806179622824404514007910868089880958409293582207999462050325672
0.3888888888888889,-0.5555555555555556,0.16595186862438382195327319661956501774811601488745045676597805633100850292064491945956309121392129571738511391208836941682624170286130766538644009134370183840294177372721159906745002911163677174445579572664946816996686348437926549381261894371688429167968424409319356975454224,0.0000000045504076270587951000646962542171386067866411866450861588252402485803011636472453963583281212401390108650356714255871521966916331826959103908845442537913601579603810876283329817325892161737668640286742386995383446982472690308561972937840813695157562519032692123065402350859101,0.0000001819739355504512025507460638308646036122631187754457337306895944978033875952717253480606138875747970296796456451819830510123730734102703895994269018335386026605561306965747430369118541160734682622471703038819273676694223730284888353055696601018250680201358935517201239184982,0.80785638377884747413015385483226841051196241562104852174724370474280567788497001119193564097419770282122916275572288362682883312410845593535510603263406538421839097611356718870331943258196313811063850009542986491625255764426147990641839027502919300468020485359936620100376435,0.00003928369348736209697028530281813130498328935459829733255455293608174849674184906703863719921348433775860590685481043004398693440148466324193616789293894737052390488753844433558855110456984973373131700260198599255420791486762235292903887014154812805117793240222037822973486726,0.026152277029124481864028401363737119861901437357179213647522339431064854867625822158478584800967688462832881625902353109705317460481094319653243361516533977210457650478514955173098019920273720653145126461005128982643559826071573277629187999769091179366108086671811964004237273,0.016700075835847385024600460843393862863734000466693572957967880613464954421192621467614187823930265251864670405357015584521758482004514720442811828530749077482024911126117613981077540597183594224792607327929642056566858228874214084486373637805697189767021243283034610558899271,0.0000000000000000000066314871179005281543626007907174252329646841839320209884327921677217603833629446747759920255526783402582883039439271888620615254714192987203320680795853543571506532642268618550847406261007873771666750632559549517331229855805496005674123951194087010714250135098324801924049098,0.00000000000000000000000000011219080006090884807371491510296861119812848947312904316002810065157911977685055309277058484852516602044511275614881390105468919070137390229581515132547093019153947460208614854786474649277523208402045230582414553193901575697306117811352304226984331223500599687536442989604998,0.00000000000000000011589018588797511025365007481929237580312488458168951759612648274009781288704933600791490243043713579187522542790485249437568856157463758613275832752056715219469594206586270518840596486264656766647279957470112606585681740819284113431022757937979197441170553884907537286193012,0.00000000000000012765119153040184083005094381746002465159132841907480379622436917280162538399755124909433226414216498018242439437262726879263877449136234328786534653996882683951131491154687027994154419384325502036317175443783388791028928909396063662281051639825737603400347284852175533271401,0.0000000000000014000920046159491853660440395754702685963815773607383148714434188104656686183881898289361483108799197433377698383209071229384412778400257551459193590572056718450767152500064335757198565161985771797218215638385646061988705690073023828727705813639612311097873148543570993325509,0.00000000000042287427994881806948613249100275082099962670012349850762866488023182949208328693805636352908504512148100007213753276854003194810708862049414448499614635923381198802343826436077209515782571976374207830161352089817668386356996456793278275610417509346812078540517816693091638272,0.000000000000000000000037274527150268262750525427739073147735646917248500012330932641356952926928318954588199561620775692281123531597917154128295763220484914677693617071662762283145250729456672384891511603976970320709177231470486757032007278725736895168383650711094584337271795356274733095586432728,0.000000000000000000000055296318600200856264151089654500170272670339848994366611308416631860404105780647098152111991782613484018718835985007050043066367455001210620409972406934604364774513161909375463345831492752597626534521163904384940614240372814457713784301003330949634509587159643240806384318431,0.0000000000000000001338642387042119726697619090515596657890788669974107832945326915110654577626004357332791799180524592821216966630541916667162986130286142835947503604589049349896687020556351935715903203798531199434285377723996880774931953244461457953995720380018976077589861857863427609478547,0.00000000000001102706027991905434273321401934114607132821537331364866071202731413923856870287449995797954144749311700198086624697733859750883806490406821113282928473354121608330158530459860908400145521380910993360554809655757955188672839040588631384179798154662052882721352437362877592133,0.00000000027921841745506428644356621069487317356452806717390095042208399632243325487370998554434791294385620482113036794158650388200802909867778666875984617694592230608069940747210257625651597041772117509020255683438741822522042695036251225241393778083557552593932853970053588468956265,0.0000000000000000019033055693635095350824949966838455400590518934093068686192366573602837212325135874375569851884468788493390275328188376013375258931143908825498904121518762377659162794565796666173708753659039618201453200813749235050306676027908060852753733908854559017984622934320529233024667,0.0000000000000000000000000086644862956997442579971543834116939465746550763071972462126499789957583102518378399298970810831858849684430797338132778546646014931266939415190679657125129170726209809749058705422006062472707762263426177464219238711684501852399040563410225519645400683125581596410802659337855,0.000000000000000000000003699788016359262091028761027723986406683891307601976392573017893015610378697457207724128974874484490041175023064060489518395584144495974366017293770905941815088502364852484514940107730945654344208292109982659311264130598782113008782148706409235057117745670317023242504390459,0.00000000000000000010251165989887423082201353403235199177481187574312630867510795357801109544008583834171737991000716656957771404095543979750191395465052465801375031754766561447048006814678618906827035327732730266110924461310405312852289288558510086043895022529618939458544183045215183344079187,0.00000000000000000019548293256454359009294175460502838833208291409575138727660483399470611966723793285860438620797674895349927862991608948790229215544609349460660399672644717945507697269039571601192127651174050382387278258092989923513916346794633824640595507386641015000193827722132052893024445,0.000000000000000057568024000055335615536830763078568829674749476714814154511951225494140277167371085050057091557873713926325074500266089538967909738740004461822299509601590482837619320614352353868290388368113963874326008289748670273913367394107066495239076101070172009768612997531756135149035,0.99998286020223767057610469890466159037180901184560557316373817463975642675053885807264642423205712330906591874809445243957843640252463538021984760909128341632949006979819921828606949155393357831679135393306789479127328921948560084887275022128188492210868262805141926516826001,0.0000000000015943551782685662447354282343239940165274419716831196481650463915159806193582133382519328410487466813688984507575449519353973682059488678798115779024356933608641258058124894435391636521352615000565267580379939784374676203937297037333741518049016614195483060313083632251455678,0.000016454057430771329084893227167326043499049201486095639305209708596544655138504630293232081317337921706224835734238456841857005318508937293505826654049724847685691900756539303111755212170561088435689417903921274763304909064550915479974167924950363962088770034970653864586926365,0.00000068545908329635223422635120766050968647766968209992673327388143060950137542415325042311248882631259198307905882140340744911391241200636410027252914861253071068003880181339595449161908269253962096431946606376761155226342091949883065913986270264125991819934883624977054024931033,0.97523721607834670576986036790536271333970624970568141972631651107901912363104209239242528374688957387003678366475240838737804863911471782985708072954029169431813949653121654908066081782758104584090437794097629190019771144435507851844196177918322046211653121990708836053165353,0.00002750356830853843044593267307481612800960009872873650819416996421848253203019524507510923890629634378351577247386977127160421147042780872682688066546367456423517987802137141922221221804025901922813745689311024913162562004560003480767955499302903458566532373795965131780447724
0.3888888888888889,-0.5555555555555556,0.00000011403665564964190025533265290673721544628880424226782945578860031296312893078240215610374058561634063164963311720039656255673681892252361856026017959450780741489092251420743054983150485990775862501115318844836395130657516591047087741218377187539474128159087554314579878832611,0.0000000000000031268901756503777385613902848372634159978892861424860256760949263785077611252928150250923873956870010989568374279697255267241133516477605050741522958912515921681632475828775280970783880760414298175056772564872407165972871813028227074864128239256698717498717480321083355279268,0.00000000000012504649207985971884859159313781147996488277194585947415338839422899513784901639313372932796432456632269066723493235726610587663868124974150362810630112957324985328293903537607127686797136083915970649622683869535680872440261815440987124336104979560852032842588127858490811619,0.00000055513228633701045994692950934783623395890570619506627186643684417908612532673047046746256039836282217096564846373493674234202920937999526962811541600539580068819104551427896645853609190240824711674411086366173384695385856579442441017994991999302595543069892407978282297578578,0.0014995275669175087932399095857893932177674142403633516168050857372529257937069230852614820991651965715719513004102871198831037429336576698705336103841395280872131683140260481460657781497398932379696099766742301969964904746116481096111732403785402141516847229929290741448861021,0.99849980326401209079170891052733037994242963578617467034746744301745982074152635932035115287300559248102757666945781091332367451446792432075647607677546023689899443421742897814806347805447352199949237721460140443756138531013184806743543035731559746051292009393103781298915749,0.016700075835847385024600460843393862863734000466693572957967880613464954421192621467614187823930265251864670405357015584521758482004514720442811828530749077482024911126117613981077540597183594224792607327929642056566858228874214084486373637805697189767021243283034610558899271,0.00000000000036275494195096464971052363164222336488140423244854129292232534104815970823366946616810827148682506023082331646001992103432775838907909783833121307987280520364317476003885544059862568514750609243778426810934999128678085218942937356914884127371637991721972889203167412502133663,0.0000000000000000000061370498713133041401607818633639854596158962235443654236069819313139927538268696845531267560174184779063099867864710113465588515409501878484907250990390063792038777726226401726966374559734913053548345195210675881821536851275658340729512706330993625841260891833362700244470937,0.000000000006339413303088543660636806560199929770154455926471095996912595946175347383506810949577761998487758000400758403843207641137868393040720608198593546220793491804674744764889293692026511835599705222631882134321457493048551672014932957780390520955864280238273223821259067871293827,0.0000000069827626519227113733602703238625958030884233327712202644340588360410466933495934772034482271827325095283595304367043964261967287776920166301198374287802397275673792493583635245802150490881425126373583607746749548293948202591356344575621135575833283880324079232311128394485823,0.000000076587692146684299149008458328725022757124190805419930509715101802132116542761351143358685985597597371491720297389045423409286299495780828157522445272412654375204017012197482456947908414732398423074788788053735552950028329184187936389251476377711319024670390016164512816303033,0.00000000000041642218987437969010360005086145571183400866730033342167205906600709191536182678286340114171612060716820949730079122546868530895630548090648523371956635658584182814182978525557217167807958740418435232372964185880070891130093108535233272740653874234710801035846152909211668293,0.0000001132646442532994950356332218361280880581369608584219354725468487425888543178526066469922601538184691576159627931815990348785341880242406472806702680705553025044725334741562385230984647533241809849553908906490023673675515607310814473248765161823732660929472983315873487045263,0.0000000000000030248136635555162738681835073073208591017198477635813643670737176222977361164808154379724595543120084371410953973574594173651583467710946745835789255098693345389880605305028833864606653394960062411660052112211068463007577890759190704224940165971951349497928909371520614885009,0.0000000000073226281340994508436961378134334142863736600443423946367322156060777598782052831127142599412464202262979539786736178151233019054986452802704094435162527723950745604957379504595131281864263594607704553839266476715786582028984869894740003812121379831386558071453978458867721135,0.00000060320114336559676180995008598677989299384531197926122995695851736541149714265478701233915317049255954767353053428548002676497641075233858002764013247944103872576970075526033085551656278185237742620297452786504828557320697753335173623946301276692005858259266787183071018370775,0.015273777814050693115882202982094306964552114020445893236448834369429575626835787011310765477346325191168827977166848202991495008316129798989373869617544754767343821583720288329821723756811920440335836536174196965119297522012086007609519207663487572384683902921863213939654289,0.0000000000000000018738497950210446126820164060741526896851560958896846973251910711127262924968952091112478301125387060929111991823920340249731248156811900427766677004648269590683125937220092302111060459503518769789888999041348786106663506106210376567320555062735756000366252708462005066336435,0.000000000026328434803845881535090111398823304283190983591160620623950150487958125774715750968307175844958058763395337870163045590885114068849474094705867345266519380658765453100276145211946274144335739235552532281931309222629969599590320273892627173053658224316899971029573134993599579,0.00000000000000020238543229353075885675180264463664059532194436880855270016910266283572969295073692309778456081321406700988101440586450447175722595427638039683396577415470604591778346029847914165813918736520946849630618907560822715787885635806551340594687377623825578556744883425065902073206,0.0000000000056075825187889551288946829438273291797317221547955621428204321011913241061226195610093661275897817779922414088998556922498202504382324401951451205262841769467777429266263125094683798527688552442175203877991024038580219381743599108409899965380925296638097692339065684566917614,0.00000000001069328773382366212620841294054821329774567281145572846274777358910130178038602830709673649798094647149356187138970927208534618686967441879776301258914420295655798480678158580013667371256795220827632636196295249347287115025311906514802724921445406270256885999869451004119725,0.0000000031490802640634878289174119182445815887023266118967301823231228044591062665563299092340554387626827069221311301921040454803566918877543157445472137447408205721112174615722787984281523079722913884890178087542334097459007453906766035371106177277985424799855571028147750753663362,0.98472541894167840937291850763112916912012224267762628230087845404609561880169557856539603030962216972250026709911637026708039092272805734442313669090293899034526657958611240349337641114711219889754699888817034301166833591012613990950873682286511428695474701644892403149396826,0.0000000000015700289808415647468934902069953136218480357932661570552929228882393303638542258001473042800951576057593647467524957288515267370996171788344803877113812154614551420356206148233600328358486935952629646920688621221909888115364207644083273684903430343513156853422950877818592571,0.00000000000029162144054947081513631989045111185648654719447954640614914038272350176907756427678049254978093839407642011869048370531962957385199765992259393975714850019403704814646799873284003782977217731482597855355854519906832784525384895502372700485750234637409787735932701052495120131,0.0000000000000121513439285686351337679276617982817423655560242596111466239658559034273827954518330927511184864673242475555473390189544900001503312881795571626972967453550860823478680866933598260535782833400210196975308396064842907920747318770866367958292696083382878577594493437027403832,0.9999717984122404472052555758577402204854481425117799287659117174543464360864906817630598029700864485335619863720118211900877045750895523103622242051535904663078794002762938742395104622999331902818820808458519923309425147328547349119155396149939655272405104149742202778023512,0.000028201131182050406441872217552006257793001996404934358160179914088525401624146813646732467143341221703431506478635528794803123078947978361602470659299826996521469142133216990587677267840939611955030059325236074855169634965371251701462075503339122625999390483829368937469010226
0.3888888888888889,-0.5555555555555556,0.000067485180072421582328810791756311445089982586323339444729175362770816159439902832607402875146655818054579748568825653163030224200040845975347058199703752951365022877491038409292206667788477097317113077396098488143764733160033400088449804644273023316050085533814745440371933558,0.0000000000018508571543247491858931775513883157606362149164761695029848188973498713512764761255373334307676625417911409185786989981061631059204483019713130152199302427469794100598740902229924672268229921799228608028732370621786144710049371231568401264619270689558096583062783185732098755,0.000000000074000635912725196932044874508119780202283812593905410008821434449552286912364695223035930249727729328972610190322858187124373359176903803449890510416439479705738431362154281020616434747932677654982699657349737215347316033129562276790884661937894649685936004114340201707346239,0.00032859182959625453684752884509479841664526224187743263823320093114386934069768187858160368829450840050357433747690467377457144501809741191397578434790177377537354889317128289431264320166537253087557810962697184464665841119870968899930682484064983890049302988388874355932705147,0.0014992666534061096374875316822550184620570723770855371778621055684004663674275032719841235487393399780966582727311405433378536901579548539731004315226827039700758720242256543271706400444809038835279420561550151036769936758351022799958014503948586855476005508695995221270442393,0.99810464291039453505108649795310289909501056704143798310895409160354807994154358354163556063438991768967085198666720096646763594176462123603852738960290481281466518225370068709001476382860404205632482934187162156224364845272415980395700758018702466256814421651101570444444922,0.016700075835847385024600460843393862863734000466693572957967880613464954421192621467614187823930265251864670405357015584521758482004514720442811828530749077482024911126117613981077540597183594224792607327929642056566858228874214084486373637805697189767021243283034610558899271,0.0000000000000000000066314871421016962575122329981649046278971415024089791856027883391463810224984072783870387080547745121002968154393054117948945598047519867854870104210724366846296500043172376507645201827644756642799521096362572522817310541875840146481624410194149729847774947180191419649147667,0.00000000000000000000000000011219080047034145187105020761141084256424022015787872472194025670739205873039743773054874738405577396683174099658436376457784838429251267620023266321274883563627829730856353650027918144225370491878248246723195128720104233054569860822953657710955626722963359567803122135780113,0.00000000000000000011589018631090865343587293588693015126434745918222947402261261424324270332976070525186347731912424407023808162073582625308184908675349530707171296615530110491126547865749698326613877515125637757296914632681776005633544473860785271815461120919270215192096504433684880573463678,0.0000000000000001276511919962563936700361433845124796832754377029527966781439845398636318947741145961609276989195415106308585311126825440790310143878173041392376783853473195042531723092734675328827520100519985602627045247485264639379812405855448444571376524970912431025449959389143539598929,0.0000000000000014000920097254920492088934253734323410486286150547351464585451072056570140446096690892391718535521698257465552693041287587819184668523727662971047050679519930146651397487719306327854388491232362566434701194683857287093028538603231889497172618176633935541973433081662013251646,0.00000000000042287428149207073457077573584903466931767929462379290776703575062507848397979823103967454146166299173354962445337288280228121371944284747334905852220964654956700090293280958687793641783323440568986817216694448532190791292094592702934188611406562853500991897349698568972893012,0.0000000000000000034974870317598728470787261050885302366155523923746406264254133249601377020801194666755449808507798575090743234758961829455742495841726655780346616187468158064272646298113178492397583658820219402100554709812585438760896461495793705518286058204128077572456401991715135118482682,0.000000000000000000000055284054326655953560992294321125042393754759026363983984297841523247282003807261798454913713440248450562118538926729695741414781192320399669895773129543162202956654563579302881059449636527007635016270793911865790447085485291830936016169264940699197083363142968269850669518599,0.00000000000000000013386423919274058767812519539575039757995173226566036167207162279990057750823508572663372943365969735839924710629474669004688706291566775722623737640379051962956148100266124853690369574248410434065570311559100594385610279111339192330353569875066685804118361425826460725499021,0.000000000000011024614567671057956045431836917284703417676743265179052033600061306161754814445648484578945006555474742361549758056411597324682718921645634199980505662766991119366873535634260609809464266299818809408428003798621901268058179399862944607437180690887017917460118278010553688554,0.00000000027921841847405268499971248409403393402399571381282913408963048313284061477086269472381729882586505858861022346022331842352310020206533169583860260077044137548869213742934613512255818353582808038329579085232242737255402964518965753098353112301185237214797313915712974107588334,0.0000000000000000019028834316745420247900578175207339343734475375564245813728712714910205447361057712632283846473691346461486884576591332855386656921573213191522932972985020131831272734943668781199905883776362218726880017794048606659267021177077406628149048974931758804173825706133846294176155,0.00000000000000000000081299296792965216066101313169448962485144226014323523825819286714628284937164650406913979017278121289716502268576393831641639558758151352176929466550091091144607602129527566820369821740992976547132915716902151794928576976631210615625879267481402928743591135758264548312851324,0.0000000000000000000000036997880298613889607332918123871118150888724686116911274945677696526031181023256161749404431687333116256661140256765600374910722688154334710798297187395807292019600024605827196739228036577283709071082863979984609865002572917272117443383771589380370889537447612690631430289333,0.00000000000000000010251166027298366806253863019085605978232299739518369171476469320195139792533836811695194624653558451173757654000651681025898200803768667807393307161992959439127278818628886098313840537250012090551501147353254388704837090137394324435911320671442041106773312062676135678021954,0.0000000000000000001954829332779456408499236462722563848902716423996183940688088021708328519994753846197441180803254216923190251427007885941273847553688701483545260860765602054746304645605986417647336631704052556101946235163339883068110175776412548473480721768180095054953677254852414166665392,0.000000000000000057568024210146090003555131401096378797042293935231646965165057895312181206339143947395638700234826041591577540847313438919583931226187711068079272189023249896760593669495883584447850802305324705203135351070901558309631669216700428011341766194157794087931672667114536169136199,0.99998286385161122489312180818439873314041198712955974810513233733067134362757248932065276499338823128901756043242426086852266631513825635720711682518619987283842191512260987483918666016807016650549522365269974763714260539004099392773450748878130138926288630195850169483201247,0.0000000000015943551840870596699497546140207045927811661246490930288180023645699948682640383152086301046952641714952302231946486658784087676696320719259551986416240019791945315751158756973011137721087541984020090047776427824919083483464676279454242298699537652260900745944047497467448461,0.00001645040805471225983739439544505842698040680854077844696088946606605914350314349254988200933154797316326206443197469514577816370673626100968198092742948420702088265856147894000697358865819028629198972109677561468704013145998460733335353426862528259388197892463366070139031006,0.00000068545908579789136124917617834703653722517779517578980919288420306468317158020313837464018127637886495184093558122845836730745244320873597687073622065274169305502020041067961013167278344793246627145370215070610992844270729727677836781862441194814394934708546014191873817166573,0.97523721607834670576986036790536271333970624970568141972631651107901912363104209239242528374688957387003678366475240838737804863911471782985708072954029169431813949653121654908066081782758104584090437794097629190019771144435507851844196177918322046211653121990708836053165353,0.00002750356830853843044593267307481612800960009872873650819416996421848253203019524507510923890629634378351577247386977127160421147042780872682688066546367456423517987802137141922221221804025901922813745689311024913162562004560003480767955499302903458566532373795965131780447724
0.3888888888888889,-0.5555555555555556,0.00000011403661617684934735455424869318760195873198057502447180473824309469389080470399577613613660592952937057001458599276066147209333465416781347844717353989798589901594350839668294892264999431010553770883519555163324829411517682002656322403674459044320314471943893396150560753987,0.0000000000000031275827771282892546047470074797456652851131283416728858808419986564956013554558814629264506988258325606534039945820835618759368680992096108611339995495201419212332807716981296184527537507542715115574041525009812454180294310359087520115901038697133821630950838966876113338727,0.00000000000012504644879610854210503418159165976239267368181966999424620338859008002775432551263827142863387505370717002636936757604929781871904822379353690738906194699627931719902252790926997285771260326629298245047947934475220633568971026242673960906927224922137900222288250082392266575,0.00000055525524730473138244301417563654748393700524382041154624920225329038164772051573391452207291408004294412571008147902397871754173413215256042746951953846427932692461612543282454529265425301090205236040211081990375058380674652984932880718523548322300985303648793678386685723921,0.0014998597100215796298195071491527290318976781517414233340192187963443964667299272201455253733765913157396946997902119074737479361718514490455508903075449912988370554717797933727535093712446932379451900961793635942912061037047763936216161350624445387702868773734357195145543445,0.99849945764202652432898787800086474489136154215669897173264179411544639683019224968518265311874253014928975485555029188134754600645300775169122150470230008959435443566264797814204357969442607861448905350682793530449775522216123408849571770510379483853232258147287813888749122,0.016700075835847385024600460843393862863734000466693572957967880613464954421192621467614187823930265251864670405357015584521758482004514720442811828530749077482024911126117613981077540597183594224792607327929642056566858228874214084486373637805697189767021243283034610558899271,0.0000000000000000000066314871179005181312889297549790570725863996917174367563690993940052272484008051600601447102604429076299609829777470544847911885729843962761777836394256830686392112727553087910436514761899281828655563228953787830687827250072574827051765900575728246293816008908558954042631613,0.00000000000000000000000000011219080006090854035838379155269807169969137244469342558793808619543250834760198892554191192282164376292022713644262125078579424892069926242170790455585677627836853490069507460156600389295191418859893351501011110642613147342298419626223328817676104649235845381920525863424188,0.00000000000000000011589018588797493509295832443770526530617746689634771745169910465902532444654719182715477239414736692175017750223041432766514091089221792382641682829091712858617429880190099070651471168206409080385914036225652056961419199363823591331463086552073404472421762372991221520225048,0.00000000000000012765119153040160859755132599620025519307299031544393362963827830353881342037623650686946975283309593313923929005699957317917952217822126130117113287827851889767278775717819878759215909239565021834153020601491992236627979253445642665617999487752709539362434800958765548040372,0.0000000000000014000920046159462072145333031804702356999502890100268916714754946344836087595803542612061691296103202869993055595089740908978146089922050176278717702149213743902839886824368840490694602366186985812628177395170192236509942818466810701312666379995827745413940890405510240987975,0.00000000000042287427994881795104419725342186119696951114145097669054444189250376268616847703990926996455881722558370118677065237562796810299526737245043406836677332143942814120996888274615269134981872061127605666424870526938272740390591392066850628320872105527700590040776731699661520862,0.0000000000000020705797286722338380510887652633462867676099242012074704779297331245685426941385733887290046356511671527680551984978580983981177782281807849960895872352217791785534372485577586067568305610503969322718421187120801838697718758281638939915490776653200734883705234917200071951577,0.000000000000000000000055284054124900314927182025921432451545069864024869744632438236523317160212033037025560047257304300444463333186716077457308822619219749859907984699456562934249229082257515067908423555846210398920046774303037916375545582634662652139808606230658410076417911330092421830747942199,0.00000000000000000013386423870421160550883145748858088116441438672260912985851456010239528748872260942725496085893506421041368945108674285771354420315681197680044499655243368501809665924939209263568984155288754421225719401805765234954719102942970007241822239888870850836957394089043787993414288,0.00000000000001102706027991903088694879174457818216896766924651690855241578206748633297296421277919428208440020976687666805058011607032534446391140331144955288192082185043963002929416028885925558415025191232682136161597318029484878101672055486107633663690700837958486289275479451039785887,0.00000000027921841745506352060726112745642233985589713150132159055026930436560400486744362966253172046234172542907999466459209860960632141817323873224884464488121759860917932609160249428553151700392445179131308692895557196228998158217718132994238451577109050494707095401643110381407504,0.0000000000000000019028834247300922148325369988202526801341639769108793578973292248818098333976314277352432539159638500402361078078207295806278055503262866106798653311814818579386442285995107402701341807458828931126151644041698954499525936058787091727228758130177470203269343035416087436397451,0.00000000000000000048130750554954117070282827565012250506419031742426076347836122034656010753444599152130051840161560853869874710625589476897671157637251894503944875696993641159055068505971974573304119713128995914046862403298740793588299877333285890423156601008252506342245679957729523565891422,0.0000000000000000000000036997880163592570684992747575617391247125634744168838852686401068288251402658936257305771207127242508920631976207236110831679518986149709756246004867958909274162156570000672831616421610126113091599512823766127091146832099645123947977203508423113950171323203841352914846547984,0.00000000000000000010251165989887394965449041554791449922848689123453148742204581190588747836631942707135047852031351586764214377318360013873084918674040347738558105260401885347159350039957136973224403417082719150299625746308996361995668606229408151831963205543682256559857106979569683653736476,0.00000000000000000019548293256454329463284363639564483246277452725434922027669471096315187073006194784600615097437233012092122596379123497962343415311033614136112036757583221560852315156900130608828720000614821938468234891166249849372359730857857255868430470216510854999420003500161231427316838,0.000000000000000057568024000055284048270658067860076697047875911291052633167653240781943399970687246892451113266828175361859226912522877234742035280994209254740053801532664917139888818384200113951624883387374779431904637192186919786843519777851799297282339267082689562313008277557402485021372,0.99998286020223492783733487152678731245038951512684971587630855759652569107679356384170451438109056306271801405399540873132620629012690669717299070218060080034026797501103107982057235604930352328794260479860704433118219976028041315166694841442175641502368869315911755572603983,0.0000000000015943551782685657981759619242825488218396057664673192663717813206742177137920025382027520749666831566019267261327251619807168517380410382607271844006097071388609631862386961522412548979261291084369610710008117240373488074807527402315192985592257091116660147544417955206145389,0.000016454057430771283954938472527027516453384483107005402708400834109057269563568609413312219981218383083147728921152969304783190482544794076351487799779278878258261998196351578373348216847290815892266088096546326023887914723205030429605413444430484754503203702041873555332982294,0.00000068545908329635204223761081506801093252080141263240000157595475393362974132199716993016545401022834350660135667398020191191551899460539077238077142275758184853717997250292245879890410187683659133050132448691194779190279128295699771018086002003824292111900581286292136298241906,0.97523721607834670576986036790536271333970624970568141972631651107901912363104209239242528374688957387003678366475240838737804863911471782985708072954029169431813949653121654908066081782758104584090437794097629190019771144435507851844196177918322046211653121990708836053165353,0.00002750356830853843044593267307481612800960009872873650819416996421848253203019524507510923890629634378351577247386977127160421147042780872682688066546367456423517987802137141922221221804025901922813745689311024913162562004560003480767955499302903458566532373795965131780447724
0.3888888888888889,-0.5555555555555556,0.00000002585028821968507303509930941937721121799487708538879071415410160397587496316011275325348851299209307391132916341474758977271542023961049188384559856484928878754581544955154685067642760502432672687463015730631296184216955704184740831992469069073450689320822179563689494966662,0.00000000000000070881605402567569341947022699271139409067451294051037437724585000637840018271149302848790985895779986797609271265038904250145850455560032196939211582533866473097323603622834573338447666050218786503599477067152814259438739042712788533020404098466862027098086404981227554677706,0.000000000000028346042267814359458379161172785306078162761220046038706883198300761345974194395141559376164095021207483148189222192472073776056270369027125343519170459957093111938367777044739714689144352667967182527928752205955387898322957263463688906187589093989134150903526180369730663103,0.00000012583962165598220481584633970030496069928005445217604168568780650779690984837366288487017287030673389434608097693396158027017265773912898235512016061167721103057748148802473707125245637008002464651324566975944056991195574430277045094409186238154354643021740767284410144456707,0.0014998605063846582319693039698031858043545427259602666244951070115108084052682882410163091011833402786841272032399060992382795617662366463163082648206559272616999577294827618322510430903049866676624358142875779361688902878053048177129346339620704626334663932323465616289511924,0.99849998780367635675202611015169681772854168900609852371369916204085042286124446835356638498816196411156579750684397625189928472632389147214067705149586333452169667870769533083137314983287169733058322898921569442231462847707478084889098455260475892992560080669893820936672176,0.016700075835847385024600460843393862863734000466693572957967880613464954421192621467614187823930265251864670405357015584521758482004514720442811828530749077482024911126117613981077540597183594224792607327929642056566858228874214084486373637805697189767021243283034610558899271,0.0000000000015213235400624220615256690309766478542840320523013425280057906362228392799227932447123110143075277737549314033086591470822958113712160704604423353776634657796100545492631942257373737312508307684696712736064506112377179802148252822911572936610655400399508037645271748401252788,0.000000000000000000025737591293871440662444892396564071649693548417782283912177664333986664672113645874089649009041082724739123037980782536400889118632987333452001481863634104011341644447016958730742770870639837484046342363940038620026600411085639032863249591044080514665854161871686553298466493,0.000000000026586264094169507400488324572930332970309928738252648212534836367336507934131161636572235999438839664626010822332525694725924824947945489918214849875892022928691638151816291817689391512601567051471951507487214950562493491382219007819698727386753860320715814782862863502572939,0.00000002928434590003378554110096524769763176157132623936829805351314552046148730307796388487041797418829707758875096966786483104399467902042104494445411552100921273437864368403533870571850390167168962354880244627590845220717612727094824119404892427659222923055297137362531637023654,0.00000032119385697453729565633945280801636829465180224187591979285629847861058408750881575062921630658687499826180908585588290317988932439724775905302330429896780614559196843522044535595678583288021506246007736004709974283841723498817052822236351786322573249778027186124432525260029,0.00000000000039579163678445209226995066354960812070561223820276677283813531404185784598316830826542728317747810696129131465215976790339273959830726150236716351463399461961071143595635032886398071897193941358141894809333185227142194004178643687237012077323458778294295035354731999593982592,0.0000020959364528293245562757469005381605675890549617249607402129625656842218292621373221615624910500539230969897238676300261104830242349327755399226079065240041577060850095305423880588796321891953201613604035992888827039367944727815849294977417003510892803776116506720848720480876,0.000000000000012685479089328296510524016264955609445534071000542293064082269411813326401338485334903898645799994251804963270137938823964808341242327994452534370242237201857320237941279268455675038114274434838632972903671031085578959554910298135538373807387562818953003183387566822861988445,0.000000000030709675506046515857582139732888001986501611127501127675028246718278568225953168436781714816618165958215875688762511078021209990692254255599921359045414939647636687176907571115243759479446216120794955430443982901044652779573244802639307230440494499237296458179255944754546601,0.0000025297080554141571402771255701762601270937805434161780032127224186094398779224149915697771166880201151303892748192978429029646838644089680958239383716291689912236104541076313785339138201477645659619213010245435742839933881866644901295563281213063404986598616316255131855912647,0.064055247901597035741224087893197143868571165591098764678835563903579081201989521232462509472825688230466068124206191369338706939360960219387337362275645065072261603262993476058051254400473059440217036461971118931085068736251921391262115284632145788978662850576313947207798906,0.0000000000000000017814098948995457845878987732091295635834459828295988702297573917570265784655573577899116006843382105294335834710996246777869721775220983924253905094169983216432462652327036094943524332840504343040863561201016787891131993760171436939502068389361753549439840274219659062365299,0.00000000048709363220982752167562228587836078513875036916179829874015054428730400359255939979647646230956887104100603362009515794709838808876769556722304107249498572188513773166435361869451568881178134368165270066048493959847270771493767578492613531329307488393384767895356712292114294,0.00000000000000084876506618475604779825718467950766705525540272697172351138151424361019759031391801549947229549401548317435694974668967749036189766467027993714384316131999074275158175238103732358181088926382379246596243233840740234230770879517729779834396903387364367663694657439761062307746,0.000000000023517108389468436899372397422526873112286931301933784573504137144187063795031134998382906729253173824611009832195858946118825880368798911997664276892398289223575050247686390144231130613129194356370939826038498419723557761693993379938525983764005254730240670309408243718628406,0.000000000044845565060077683126616490544799157095073753402311400275436709558605363962115498648919875188389140817724566166603114713452407311672235652226254095970062883302694396652669366547538825425034461918113908573948379665737221865458872983418270676217873880167643925419325186499952956,0.000000013206628997251163154798755041316158824691688193634176096648814877341429912004166342434595722702886359471676746985704183944719533855633251182212035272113145406925705648582440372643912973808812279738875052722397400240498031553830393732516255101013677650463702304449630278920984,0.93593976215281948405457941775434886160539744086615372800344660775631657087446587911442465492108799208099665516550928427514896708981574509865634713014748521315070954178788129180492996214498886227974084791496374725736463478101810587251205458031893312781600242408504816406921688,0.0000000000014922459831301586608422383752511122269039158528410319500872342392968194584118597867810191047597937388466086261279080831663438223548521666920162949177529002153066167612450176903454119776618595999696506841588083172214763297369994882452671772608756745962296550745812979108172936,0.000000000000062830864827666366999702051954910112232084454953289249917061190863040110404454465795780545203651582586794394979265877133279766033586271415912351845196629668663921049124787717863714364962028778809938981075216345260100108352087972863508060441225334479693297515440224396523187261,0.0000000000000026174691068566631274042158201699870763773705547481171632398535701735274790139841164672431826847149846345045709236716184285070014639095965229782536150275153299963604835842429603542929980577388858841150956861446445584793219605420250124010424416343617992540139225961186865270193,0.99997179876533213991140251566850456326908312659876339539253196987383207111746692178917240189512019314207695533926148738633126569695105010537740934655749102766487391999080157690871636458166825082268252817507297354268002080136477451468796259389506072406005415908907407365886297,0.000028201131192008307140235767301687391491878523343901527431966432971326684825108451745137367097145011724399012915517237083549068593349073274738642372488299173527329130126939333963682837473595188749035750992310388371592461495645107193077379114895622718826555040034753945169563307
0.3888888888888889,-0.5555555555555556,0.000067485208332627472364816386769604172162874162430535752649670009620063494784714325042823608242315354775700546510932286317046681483963584467687184046334375912833173119057592297971254471016118426072699613334131281250068232184599475231318726609205840835280200386168502869522656728,0.0000000000018508579293927642039516243871267474941857869124278941179834092175434432795977738994384848853511195384032479956000312748934703915423553227534232351452140767962219083288970174083553224052277749750621282707340588434506748937315883387423318762503453996283061587777421324557008847,0.000000000074000666901354313234332226506447132767612583005869758429445462542751680605400239761255414069714943456962156242764249566003919062645096078562808455700617018296295324112235704420199954839921784877754425584577202609703446034899162044097463281593635995895108391731942206978293676,0.00032851908697428203491198517534794049479633574636139090332175007921554979184868782851750700007620703235403152586296122932083652895054695914398710810236428826006585412030988090717983671450074342114007745809803483835581358725933645923349435678217160858526848650333258061377522572,0.0014989347504871030906341492345681000415625382577412039121914615327801604860550637595996624334941867433317690794140960233438374712658047783635645447590904888989202756179393891070473184790375426709544640791566722215930006719488790616173824056553549507122586329515597929450597046,0.99810506087835446255049049185295432966310045428184843603787677863423821726418130288434639580389375718025753020483166617716915573461921426945324102164409521969387999105145017143800085372383184907558331184126830865340459486017069545646000532577739412351509911978092852189904544,0.016700075835847385024600460843393862863734000466693572957967880613464954421192621467614187823930265251864670405357015584521758482004514720442811828530749077482024911126117613981077540597183594224792607327929642056566858228874214084486373637805697189767021243283034610558899271,0.000000000023622219817027214750452651973021475543024820108634338834374153847952871056186659871614830960277199346573541747140186082904473018060258796021728140306746575819759513711713240560728191659890857815166879803581519625536426228323002232969290952867308486060921069446164022087366819,0.00000000000000000039954958697173656948835622746473908945875090053556086817672903432993823346940816518752869513548287194576806955606417048589497293854023312628986286084990213390789709042992258118171988758472037362293378203300655388992531910084212990290368465878617155210780156744705312390908578,0.00000000041281591851279839071670136471676034895711094456410838710231192967086258552269511513935412979375598017105285677062773836235798948002600573789568121765002111030625469668424986758885484352424579173131976516385057721289149324478663428246140508418471266663632376614609011138965946,0.00000045471015062323492289240119244809701869628933357822282854950590471561063587279652167729341087935109585602063257970684682924533524148522696394473622947851313441545961946442896345891381991691187980422553804942481109715133090277053048597608129184383629182524364787961847449250089,0.0000049873098611357916411078640556717224928997217970605594890413565330539422340239106420227579677955006036170812610155324443554796219010872565833394724355159039361567323799037646337978505431107455489494212981107096455549601223167570601336294046694684332925333092577687861895700216,0.0000000000000023526341111328031894409453584632202793438909380341380309925149663345695954796801652606847045984506693762285667022763272431435070064321374368372105869225587780743085283893271204636837770993736415161854824546933143756800889062987107698756895314513307830600520342960762980776577,0.00000001245574051633651143406645594955466061128010470314951933994403011902449559309040879729091622500616832244711695727018721816319386890439934722790453986871275510062888645504393051998766566737936423972419038249506231786282478681784273138857580315163290454712277521264559872589519,0.00000000000019692899280309153401070976503282544458340593513313088859937802550570417554068666191478834173162144851214613078193102201632700510632999398574807859984821945073307116059972011895053179661676240896162315850310382539316173041403345878099730946572615713968596048460854915777702099,0.00000000047673607154522773186255715266613170967232326454573821042858717486750437389104071208996640068468727993644846528334588943547875090052828028158298949435012593967854909789590676768959618593070060779567483970991618114809320823239086692368180879008515697362866207427158630401770605,0.000039271111160292482634513593872477796977525865510014090777110806835501851867112492640371133732288899604516237329945731726693858865908879553489094981896730168721684671106170834031563491068766081080351419727896721236475060445206896538179898017654236427948001151774397288268194017,0.99439172649187858797642172401834037813205686536077523006028934108904237180101139816050737452504528575359563176263070406269668691816601747792415501210967007711140658438863796804197405034672691208936229345997356783472762797707172997414904174894051840345492037372059596154731196,0.000000000000000000010586570682594037432877884923832615341529549568433011733483778955680100710238346124202503106979112582035994560344031172911418574728334708268449429582434605970810701826183655356910983448176932080362883132353998353401028687194005079304836857409042430213414698327504759688970336,0.0000000000028953443881799391073657941351446605283416292245481810564424223286028393025683708244883902172687283062044107640024509395719173202942925283044513316269825145626227165264422883236103732021106041723721630669952707166185590776486911245785964852858282876462609144558530186117634772,0.00000000000001317620315584502831024899490875083512891523404084824418270068642873258398344959034606846435197285718957321119524357031373178086083118508546279821391583413417716577156872780417822579225787649432465267125229845497379653904339677227669690975626053290672525602456633426275282995,0.00000000036515986850113700645049694419374516640072567632021591608631440357827509120379047204153542223892490163907650683469454241494390474844324523444334882313131665502504472629068989369609357519165682861931467826071746495477201686377577344854313474603038450107240178142507931691152887,0.00000000069618119243096423104353048779740302154916242683153697421169780520576756628397267752862011530112483572480457994022283518920455588441050761208285366311996461450596693601595548870163556647176735164536362038970745872153458105471483078197490900113210113606980247139235794898905495,0.00000020501930817423259507695214766071216047347333723599189834105663369549001615073411735076053608764353691730337792952293671260933929201204809870675928228023548589087014555003408637491885719765020553767060876629910958758645552477060531285546893545549880121769518223786743652497354,0.0055633409242687262610498289837502523833139625310780593007350591345989737426421836375830208491950416625183072129031523991279587151510501742363959785236015549962288010405750949821511526709600726725692726727817026263004538435741833582924513143098004049233116219668997532109852035,0.0000000000000088700934426889939677113329807317597771140911827728696141284778466392739045425481609958720938256274102517202998916965105245117590928489496911068757190970218565116077696788625155246511427011550307990778451552792556054879153988400431332820173881014533670269953280085803192765889,0.00000000000000000014297149855278406329941509208287136677544547614318386289180202959392102870194802337778143432650715297386156832349167209197860965509048118308380212541742057318252714516723411724569264045889920784714102901169892845971722134686723351720317074610926136849555959193829551951433644,0.0000000000000000000059560453552460457362693320528511857895016217238517757531599561959720226820904768664669407941727469508300162798731881419822128384026955025892176192970636214474979989075770421251484412239163700707490496193568184240410834034109076296338709337169585963140998652215770791843919512,0.99997179261266997908254006313499629313569055279520555448382196257140535447378325833976949029095661437127410754089601842545928363107735429455244018883484441178440143494338192361602657119110985810226097410127445748387654292417842866261066025104171388107087665892442465860453719,0.00002820738729040004834499463775878706261194257039026355909938505263772536645952795634254860918686992125036113042584895745295651138879003283434925239311595570418636308212774671699081875833585122297145099981292042960798518944597629229962734353435807365753915883635030951891838323
0.3888888888888889,-0.5555555555555556,0.00000000000000010546543216181854902546224531330526963404008383265236850074411659237731976481813875779029861559943812737858023660856698565385148880366004840568368163312383765516512915476493530592241590942905692178911148696498108633615652732125378259586838973420725636083162854457380172356794,0.0000000000000000000000028925083913412296706892433919269465946290146057665922684689279612533388483418807329873775789881861336797130559255004290540416130069635975564448352500117602310127831799534665129817888608293870460192082336522182013920506260050709069367499106519585441892653773885931453493753086,0.00000000000000000000011564774722997782727833613443737222139571338665861715256229128172310672487355946699126263299937023635606906651950377236159886604884681959072644955597096975151891349235415227155694570861369988422318308963185557811778953803482628553024728332068636318735700360941634125895665676,0.00000000000000051340743160153397491564299170119261728802874972844048641431711538312106058982137267198409978269242612461856780401618862571160228865971014895820985744412850443700167993900488938103534742048982304548342864239042275725676075180017044073162220926945759071581860463192645952890196,0.0014998607138663430912100676248857071258021461762432308926221150780641235410780600527222233900863133749035737095510890535920111084074939479397645627751750494094282421107907983210267223364186141738540297703044578912234446520755755500218949157712863368892940011990760451493262869,0.99850012593016385856371369410792452080303570323009709895057033978355818018266814361233536980245240681411991506989943479362613768241140310662781920782691000865399224559835000101240102491037829191192738425416796273317120201431304347982825685948263195104009613543596238453698192,0.016700075835847385024600460843393862863734000466693572957967880613464954421192621467614187823930265251864670405357015584521758482004514720442811828530749077482024911126117613981077540597183594224792607327929642056566858228874214084486373637805697189767021243283034610558899271,0.0000000000000000000066329386026558365048824349284344425887400855046632092373674703891600327316431192142018821509183654251866588203786957731620857414693650475480984635132227391733795102306497751024114694072078821499200881744058565625432570388425847093376324735941447178321697136775998958186617233,0.00000000000000000000000000011219046726462750974456247574436906839670223800211963924746655330818906834089748756111548497941732643170117315889544439376694905027449364387293245181494377052420404764109944175090033979534269314965148335814563211833241979326501876547674543895000565573475154559228170057116201,0.00000000000000000011591555166719122793155526048390131836258431800427281065528607732716643105700921712668743758869019572956051573284553743689988877171988425207141211544393312099689873964929809913361523182969480524709203670465410758947591749375107689230893242523679748977802088622155647509310554,0.0000000000000001276791315316727686339505834682430474738209760431597884019369215562517281396844757621818171665405467534215413930654901142395422426282363499055288409673196623132193569304446398343403921555340507447912819455793010037601790723048800099705874569192280464535626123408868728442966,0.000000000000001400398453556376890681546251111045984377175010153270541416221883313203225813792124934819015622235665133058433186947177190446964513242484606749688320624826661088638661112715894057921792871702707250874259088233185870792364113424979732379025361074009087912481352717961662118236,0.00000000000042296683770545024838500214951199837697467241478725285630878734465213566883237106234778479774543436994428621324157361601793774445740236393434950064119901348065643145009472102421107123053949285188859326385202140677696905784524441500143547447815069683747461665069682992311131485,0.0000022393474414675434810329952317531172277697030899735806524523590486068310582356130405169545324688530010942012703815949299313276137997386212538269807375696059115170187275551542574375454946066524527053509070511501328365379883215083055961687707802261752127162724589073809616445813,0.000000000000000000000055296154572408971677183298268660276995364802866875692414599459056458787524989999447567109467504803642968880761112940582663726837181204573810888533571747788277735378828742036583428551513922439461222836744003456949782646934328555171010986067891719526092416490964349977981951396,0.00000000000000000013386384161709931053688418928615812231954367558539175500806373070058067887885716217813297403478541307786189589970644839407940143367412148554260074112234803501249807885147143595073116335303621461883017507151458051249074310575172305160394030499245829486533020082844812641999103,0.000000000000011027027569887097548362750857522704763942154395579278757371082951989044704188187209158619687336050117940447849666302727587807271216915697917069239954185895859492774615573578467185279087292618549782695729310246964019516776230286736099498893778126468864175851787787358452925904,0.00000000027921758919774730195632423134791529712503729940507968207480457372008857840723386250915249767792472047836986776410855706575255502082309331388618611971744442156278320720161089202015172064107573110055056840062426135967780740501171995753450934471067953967967373063803886307471284,0.0000000000000000019032999235082801850993779360787251596184732593566929383974358061398409967670006221013213793083204475211102081085622727113890024437844302550686668315931269191784895984943117701657845496785424276863559562736537176910853470580932492805407724416873979725529939053113008548597308,0.00000000052053766207913317091060907098277225171515280373629027269543444072426144952128369847325092674844429502810462311643292910300921784396802398926875937639510483441248047719809343570675922687402078605814529160290366563093373900242690119454221212708391600738491967268920150505300703,0.0000000000000000000000036997770415227036278402686928423250583373577598519870046487010836704935095869970331471773584040440388529494348863810221555943498329797184901517985318763063382502618294574323472241557415631762758528176234351323237609692480261464951848813142594057292212006551873525310413991616,0.0000000000000000001025340974168757250703578633899814771739627437527439805828615559353960150268229590229518752868995920498045533954330162297552987801595036597644787599748116336029835746795354199915585552566765089397645506045773746954985549472425826087757202964244643467869243926741311006693657,0.00000000000000000019548235269531248324562101970682557686013993879483595959984022012091427271729748858557566698176994776264221645269548852823384997809657642240218306536490040228584251136266982499224699479207813973314068904938057753681967874762786226996940884826050206800164605101392535085198501,0.00000000000000005756785323360848874955277190290422405983187559139864398906745077535835011420851295926429285694491849955666697633689258894816466952788669231894374716584359739851232000470824103293240331904491369209835488649026823761090894020482220924587590389613759661640518903016234865483383,0.99997989391108815833819192982389516251730881351719096581349494293303667301221126976995312583675484185852283494705829660663399966767690570815736369400186989199523735267747117643408325473962925424624057449768475276648621418962665305179674663346117287342376087107507518151313082,0.0000000000015947041470887830626332270392241099281300263541831463686247807558078409602069135276130015446825480084268457633171036540402953491013978379972261857152459152689071653900020827812913563718553630935456153731299075531483155995646629936231496053096528817370805978504965858844298092,0.00001645400862240983317667695150334114377260048945518656114348423879780952441554932065870807515470831474217815792425672081487339241708397817099392716367303632910562375615433288707287101026525960393074834308650740879954821688307002440408612439011704569793687000418720007974854384,0.00000068545704999029066026496588348410533833100493344634614803465116027347522004911615082491789458172421609502519779965173986747601030822683857896686643432417808974136022927582197821674508028041527337497194544234460299694026732285122693086871633149832736288929186860221818949734445,0.97523721607834670576986036790536271333970624970568141972631651107901912363104209239242528374688957387003678366475240838737804863911471782985708072954029169431813949653121654908066081782758104584090437794097629190019771144435507851844196177918322046211653121990708836053165353,0.00002750356830853843044593267307481612800960009872873650819416996421848253203019524507510923890629634378351577247386977127160421147042780872682688066546367456423517987802137141922221221804025901922813745689311024913162562004560003480767955499302903458566532373795965131780447724
0.3888888888888889,-0.5555555555555556,0.00000011403661769991812321118936199983529133664871493293853498065339572714450045507412223166107110753240558195850154579518880620729657368877824832490194140678212969879649945433225043540986729234489618948047509629942793768861755762526148113429982373523778550616713492838771413664048,0.0000000000000031275828189001648334540302323800920023677812891622951589332714889502277713918436552285305705293706722777602294881703107209213350387025865417054581347808113045344112905552789633173870892127555745599130673402929438488422892612594800296794557340912669389572089839242980704078691,0.0000000000001250464504662238067567473616141765724365619492510725574331673617452997765618464632262168380935015923440248047594481938037853467130981162195321924068849671882602012400503666363894042691847272807345065701390513377721474236304301040880936036441032562799908526576754734630173371,0.00000055525525472069813701744420068449251784552098735874903016395715645836990703755300881126661826322425311780161730897734176672720317350661159861233146785388616047113438956012706147404815618527869685044960690388071558379449829545168688924122012264484540499754611400174328044947307,0.0014998597300536502202757242747590994043543671714381454136548281294221083127129765938426605884228466968355887089342261434618707116675022867017522706083368753683123442673159520548959742640054830473554234154196758880352321768240932420469759844722879506234287918238471541324951322,0.99849947097794574278082287631113951693472842091954207024969582655207155836975362323237604233108702611898016010101243601521198323356889456163808529649560120515807623375659807085847009441836766568783323735038372885718774851973612600763302822945390511369125209763400115570415444,0.016700075835847385024600460843393862863734000466693572957967880613464954421192621467614187823930265251864670405357015584521758482004514720442811828530749077482024911126117613981077540597183594224792607327929642056566858228874214084486373637805697189767021243283034610558899271,0.0000000000055088501473968868002990498122848236195403165979791532624604617379203638943496031414461172757412267302910192103864456685862830118055298090180702559921467266759955984375844808558634484112693463000148402881365540250270712099594768632841758912582568745712092739364615798247020679,0.000000000000000000093177475196258370381159510165648914018764432857079320573290836357450548576418122251270552234722201089508687775344262412841609303568350455040250487983657420599883906296550800287659110957335364102591310129663086031641742167318179216057225092489040874040039520399668206020211278,0.000000000096271267101992518314771789138066250916069105303544676103553654612492363879154977493654348713160801001202902417922634029895789398984296778497223621929546908902111152649519119977209108665726742893104891534606553165495187566716807740290085677236340095893526903492719192540944437,0.00000010604126537160085141053537428361649481550071894384995449012764487640450721367091308236793840551780649032600682710340558100402267943875902337166650296374292001140219552818763561689367275294425125941647068358734553978122543196481295978341038908643021452735793376266038366046989,0.0000011630720091694321683135101014149339804416618642812738184051811889218249095786302659992450960354705778709528403781144712773321236365966172900751751502130918925452342983838782413254289837290476679304314084958913477176718126894624121998523260147862906375935641621092288421232874,0.00000000000032481082043936908697349146391823580479284149971714770336896234274268786116242596920001914257640940351532099433905197655598291588359310294797003761734111018929816938445232217986165611442692053135799542311632496913939361999380001909969445433662546380107998276766471149639570841,0.0000017196721228967954183717060350057189537179600150750033720035065829787420580913443998072814955102475618105346621730986771513512125370128671669536675484401384290401605313895599667891174527680807884998292636818353882686289720013126137594618774497711233216390475610367672900268168,0.000000000000045925078990589067263378297740380649243457681114697699314191217459091540856319397266615130995268235472941578567012261339524019254631951931502230448988349162629194325777276579637168155710693856687953983199676832648913710832593760062220113158278511443102099941909521139074411874,0.00000000011117784858255762620520685747033834665391395493676440892073439395270518332535537344344931507890541161090679684172199115610042051462524954020886826006102967479614980418553767163831094716166109018384663337431114991882721562358160716710039875590024140598442529758645683356209109,0.0000091582699754523778147930526206319608310406263206761721402731019485872853104707918845639746790709418727119007383614220658387887823502494336893399272293665382485361326835397342267970425016818596830274993372421740571997908350296761550439239226257732019059678999398119924940107061,0.23189840122927255388829964744197144550936530253988678108988868954422214930508579475723633582448450548238621237449609630385446440858739063425980999171096509962712697870185083720292313718206276955121282587338182196438466959715915792267071917758604930526031645509409223868847795,0.0000000000000000014616096454527001744912395353278183800644902958738239535968447654569195383746463276766446158928508503804470287212530211028616866316175793227577934647974458137384303264883652731176201678927841826134304673566303014414675641313939543441057733173601223320921034776586203061115195,0.00000000039973882114904120716884285400704601433331901421340052469927716628841394180288546564227194164387009819240849996371551997490672444415839469871175263769718940141578681956507947180850484612507177327804696887781337978461542345046261211633936304292294236766701501322898209438806648,0.0000000000000030727733997669183623821561269301984220101069422549546583174300009221941047420450135710117354906606677062645320394482198924074440591442921013960536630000699658724507718326308144225872570362984395416641295297202495212242178634228201480444514716371352848617854990106224369637861,0.000000000085157576679814084648336599037085389998942116225530448293762602030715062863662985658755739975217971446250183241774098043962197974568359350180269102563633781792383087800539404301534616282769880593060425135539163718984433711295740658953472941123222214831566582024458344332580781,0.00000000016235383017534277041382835627768196167891268265315269371503037611773584369795784175448723790171010006138142520267525360634803751875523064625239343658494526465215138906498176355810709624665497323071773206226496332392504865237608625530783558431018893717612626647601184433252712,0.000000047811791389762868937251996842070486551461331242107676195517012389673110519882217322511790870474237285182944420061930316103313005979292398412663353729354381916145459079009443421668141440796832005916878595599954672525166532041156653279670069572578072715116003329789080336626503,0.76808940304174384511774497289638243553098013912759863149330732756396689753902379749522409436765579592501537231769141712421788599631644721754846149084880612015598549847283496162296223733377539295434699747513246351227090271854585275354486251015309551036928336152332275867937537,0.0000000000012246283069943350588218620502527047861839934490664766894292274006402550889152520168782054030163519422218363197987016365242295863433911710982426863929030386260345462131217974305215896835649986506619118588393810731614903650434202432232143967814252141650536299345458615075568987,0.000000000000011685879795705627319167654434330991532270894258602140787672974513848393569795147563834522054919301502656923243769668792605246693490476470791187704689626320508045607577776189129871930722712697299479388701670744457414968105875914142051725223941497561446972892852919145835918522,0.000000000000000486821714703365742757089876581915703372893514496134895276383785075225196082387408067350741491990804864076718041380524847377732535977254713368521044907339516182630699142245684198988454176886473678305986781904503152484617129398641507485968647501392407624023836533548498920941,0.9999717925892539422749584751799929172133599066690277652638122817783940633710086819658968294595535686496170092983251921824502431946154670728650369912218024913334481534307234470708583322831680283672648604922149443876177136594659870417523258358556714704988551101709991189247376,0.000028207387289739524494304824027815800515812646388684273437393105570147452888453729302236418781536098961656760562363068771236989641181269452089255013155281782157220447948628881428088345880482751592190279807281080695021908541436293526603148715570324576053416020817216890051677718
