-2.45,1.2000000000000004,0.99993141541506599325352044272741994960393218815452197928980367743479271739743689106361222487288454871480856397458569941739913892028654668843048400822929693282493514412014815834945138968774450977541103459480490533046908257150823688793540483160760931364873173452769106969668946,0.00000000000000017632800103273931385534896596582230269518155837091032348031571254866087473431017335179172330260248887907377089721306597751876712616452890682317313565016670855958709627155901197005438633306818741425259312507039931180899926546928701317048139978640332369810538944098452596850401,0.0000000000000000000062419435867317286237946315598107580282233838872056969788527537175619095108290812325006112117068266558750331405620765175170493553987833747561954942409212487773197563024301369929570208632198503565262825438886209415451845201998782913334336889758235421140312467998118314784030212,0.00000000000000000000000000062879265163694041551788453281577692291920279575759663782264432533822164519499156259246403743085505806944058552144788576503941700768164601779181070327658261312756101217262362993274912600320959904529674638494526677688943402034824850635517150824145059692447222995216567846163053,0.000000000000000030357080729125235343654748683100127884219579698858857662344503217232003295410592184245208826747748337775351547793703379316369660957614676714725286188225508882089802994034624932076174458638114683092146612207719619912118537992219288811388040075121159516472522176791421509597693,0.00000000000000000030790422453487902421591607400089964010182784334804164201910384349043169551441243773294127856327756846550195007182497017616228132733339551848173176893574267722874034548017148444336226405952503502492779932665322104053709540833690844341443986410749158810829768567337365712624905,0.0000000000000000000023513818716617750924618723633083797722370448716073180700589638515540697280559280729871426564340021068250024055365253877934900265684128746333648504747448656654505491006720728372015678109056841201178058281245710943509584390961253448160490446393339244336346274869219346329282823,0.000000000000000000000000067179254232251724399638425467017935348470856655503560884639058073548467573152977541962278823638968303457040461052789250913734694358218467898785591211003744620606337388695692072699923582456831360829038187097324244173379656684357622939591889888264105840443409302027128738574124,0.00000000000020160145207460510733885237750349922581487540875173069590683696052891487190943677256260672259490083071571010384176071767913467549725900421867237274141726411212992560462052132124240480602659201746744141005628165846206056434945113864554008933555509541923177648586651595255745217,0.000000012444616802861359289638680429272413763421877784269739890656904857820823305511898406166485797714143255730608252539593890171729274384762614999840766008671952523230793083669838686429840842210666450070351349308817132076040351105126884472357166718231009607890768570765303786887412,0.000000000000000000026486687164407243631301707674522611654348332994920353464929676096821043374211821289696487157323494951784379496256720015294763850423989106035178565860816083167104583590526242622896376452458510314909567972863882947504448813605279202569829594768674446590265217091294075839083275,0.00000000000000033705509375514789181423436950528833195806731732361228099231069673676603881707342557817330305690449632134324263164973387127837449400205216462525617714227731597952871366109911091519003092059480523671159846705206661040612347996780652678284802452805782811292531915970424690982473,0.00000000000000092092601823230488461226990239512049154887976920046399578110278064028885869509324106246511804683335852321837874865611234161813471554754288999200305823597850295378136490639144484129872239865907815709705915839414569339828639931581974121701498541673011712508243426424712735067293,0.0000000000000003902117977964058449046116454532432709457499654943780887001292966696493293990467109651566331541683370648857625998958123364194855451960663725885554958765021454391730552785565927072217028227132166839242478359199883381562069974103792893388368897326523087804952417796868129574616,0.000000033649322229765188454523472206048378945426952638577483366238141354663225713725178861389147479038185112342443817804346726175052418077329722219213501400422826979024460267569322378910653519134517482846856596853728892959448750561057582500068349704834073865479854016634092429880525,0.0026267341529816390543972666535713471462100799233460414414847139262301510468235835784960410992579995463352597061026477187242902580054190444496243687356228124502096427649779042853405315033044166447168949433700538302248289998477528349505976891864456895759533468382238463548932166,0.99737321975287587164227576651974914721570445227692094117658385708782738657351044772571051361783086297789795034172723579659387424965405681542822861529351011261200133855843388327213611675718065207072579952459019777394231305543853192970257557079237269714905437277201415559959622,0.0000000000000000000037287668682908323680181563957112976374174766796083349379954623716306830063736254927625096484884564905833065787904521803962876863942243095818545630693963323197661852292944615275969151051803974690629370605777498168710303419309837934653905341967855033275557918161290721377445249,0.000068584584934006746479557272580050396067811845478020710196322565207282602563108936387775127115451285191436025414300582600861079713453311569515991770703067175064855879851841650548610312255490224588965405195094669530917428491763112064595168392390686351268265472308930303310535974
-2.45,1.2000000000000004,0.99993141541506599325352044272741994960393218815452197928980367743479271739743689106361222487288454871480856397458569941739913892028654668843048400822929693282493514412014815834945138968774450977541103459480490533046908257150823688793540483160760931364873173452769106969668946,0.0000000000000000000000000014727919647324045100833687748012244186463608132668381753964378804307068118596027586138311698218075016144440027981069800794810570779361711575170013908738905428151890772030159104400153892509321218747474928263929072091495936995225796879536498586132588148881433563275537118301535,0.000000000000000000000000018065468492366289004739843581952980032535046071069015722497004709097600356673832423421187371650906111701873602825936304330298439980750492168943790648243940857212544675827945514496368159000797933323009300604658486753151567051592740616705964449319352394785754683731671198800689,0.0000000000000000000000000000000018194515033031124343048836169191484448022930355888718450069591842784564889767502980693531223223535889852535384803699234358703170333021466174300013869734050722513905204560341924212182386773181221925577154438463975376983411514536566258324110664891093952760029306108920516198047,0.00000000000000000000000000000000073176369693916807745487790635946623365631751204242919501919264814728510096446675736929019886543781165643179565208139176890262341047207692117777055112831463556191622571265091843218773839178206906957421196381545222652439461969093176264158314801977211031644743260300280976802067,0.0000000000000000000000000000025717915767554877214225864186253403255512008570894721656794433885053939547048753247163778109549482400589500002510963914001515233259220001846754140993266677425111360856051754652718434397892817374465640716838594672942477628297698242026706640062463020998918564393824393153830044,0.000000000000000000000000000000019640081588391066570417048612499501332565486209330666396420678048736841845673526628287619724788876522796213682663888904510473891109294329995932333829568761241873855736638448243628747641113890337266295795040205089899842057669832451989464392977572096119798114194053851749088703,0.00000000000000000000000000000000000056111942091151508757315774163473063030570048623452498498179487050318756414017735033921467843526012175624393761830745448372912744737151557901784293223879511430385526720840758207665644873711370482180772141893770102449022028232113172523272959746084639602120825025149378367590206,0.0000000000000000000000016838902327188177700368651283687926858897809707025864588942204505528914367950522107855231271791706351929317450409814630902565356580781139780263113548403059970737470170922885973565819788055645876148961117739241780149649980944174269259447363223477062428265808510137823892083461,0.000000000000036017280455650305234428247299216537107068206002431900037586834679205661603307976692603158277214611990892653039519392003411084128916632390712805582131376430651293593504290308638984277666617818623705665055617166361390737453494137400491164918697052766207382556771024754966611305,0.00000000000000000000000000000000000063846706117898760375770777665311761314454078367332507996432905042721223384333531697233790173254373918485767009193121673183644832108937599360037427506493268441111958468435045981472090666323048167569586973046341294021305970167068953351503899024431891529602863232868900433924559,0.000000000000000000000000002815276251345575322016357969029930290121618030361191150199318145073169352562344293337078901651116693670739165651267503405259284919348616542936104668580921624023335479565435290410420831156360196553335226280037017269103397915515512404420612793119423427408484885756689918471934,0.0000000000000000000026653492994618949940006933765759783346679832056006714969591813388678722225396012732247674224166295466741794898291739559442493803732189530389927969128347494927018142009294857494070100801897168437216848959656313482558675051327984113376586672747797383310257107598926094709964964,0.0000000000000000000011293531959220449297513615629704094241270404477241837978202656592193330266875587588958423505521123951218344757294461074668831053687180510762334637652546463756960516919643416702057959030355801359430913070045539211767582610613418059171243746922734739356848485898153750447158997,0.00000000000000000000000081130385301602977747717848071464274703257445007679276947884398580310751426570410855200401623269265312754824908382211055640295943374536321377071495956778208931653306369824964418604297359569380995954191196007799551055147950015828115576227193453434466527182098484529603855081799,0.0000000076023088672864032295642654684857286021034296956229203545201536795710449910249488685376102010407395553354383452614820775444821687366711559548273309962341107905357707285363122609619394321151267582887368183452949009879759809262589192390098811010111797584582816349465744312492308,0.99999999239765511542934390008486859119213702437552127811566073580977330395313850972780023220628567590067028306804359381561505391233058828431726995073584110307273268447117236627300449243625236214527499832345760190783537982555335274731070544959659933974336403558923308778216416,0.000000000000000000000000000000031144786136148002208706517427153728854411865996721389397340265246300547553236260404799955395202642788066912217590059911766303760276384262003573118630130541936748944617727122815428950876679499704057609372420176281709142406570909895870838203630123137780963919931505540490669532,0.000068584584934006746479557272580050396067811845478020710196322565207282602563108936387775127115451285191436025414300582600861079713453311569515991770703067175064855879851841650548610312255490224588965405195094669530917428491763112064595168392390686351268265472308930303310535974
-2.45,1.2000000000000004,0.99993141541506599325352044272741994960393218815452197928980367743479271739743689106361222487288454871480856397458569941739913892028654668843048400822929693282493514412014815834945138968774450977541103459480490533046908257150823688793540483160760931364873173452769106969668946,0.0000000000067111473693823041038118953984093373115341749721758300337345542412238367831174338818750009374443517943616390330638434163581401681754264768988575214685727508919400327453998538833474277065057234135420889872252313309233334205051179842672785910693238678856082269294300433018462588,0.00000000000000000059521257866977816478673903516140110176973892562606002653939005899687439837671989369307892368398204618167303701247942535447905629207535233030723467149311710723042904752092964727414013569513598569340167483631560261521832568349716594660322407385152799611715057462835434363084944,0.000000000000000000000000059946434353654563580333684607319131234703780598566868183966099170035691383598206861454690918654083791056927693425582613748950054141768428290765423802349827680326776061679557051406711665305844128168852621285554189646730067648127912017553533261278285288398755353580061585989833,0.00000000046116753568287851315649906873220317356331442601752613280019497536134174398177053114946538140385041899059271319972728563609769741907838588339866151555437979810781611019885355337571150211468055284624381725534959641391625349487959216974220057281693878000306642079328989069460279,0.000000000000011719015779718838444908326587386659212628073006028317894598843448621454194550905524189706628294713350544117076419680906658088048512061284185469591259964657627692843029395340392994623232813460914166452725537881226320017203747266106430014219940793260375420567478416270946500158,0.000000000000000089494976237416520098226721601470768166918043174817971618386944679058283394394131952976885480057255035743020709742791984509480514788605606584630369940732009741327063241511249838808736769755639530954386054563386722843600700928497803768575817843259560848368835917975505736210511,0.0000000000000000000025568819057509227960391653537301137004587372185426284880665778719078817570961931975456687740371146294252895827836768193112209484717615467834269937704055519042543288416326064567947444281226800114829801937443018413883498273918934484976156823431130742601829607642936379743796797,0.0000000076730697724119703528010497476867240327438081847543566254846248374942544745685686391186792283930266965302759560371605804954335922266009498731395988988964688827538714459624605037617145061890975945290658033248898557363790984732245287118663996455013316010952268147516190067782789,0.0000011866804553526501059975100638269215137171861597230911772654392358565383135427919076164112853836502282390320972629547334393301549261239708353979106845234343640779580700162281105641695171667661064251692763396941733371065480077107422887975557938226457679371072872127959527462655,0.00000000000040237071400261080078570162108916558887042612766407097279396535587092336701776990579004309906605030261779613247907732528333933753234016432907003291377987991634106810427454101830517317888339481497876308845320349151587343429539062245710254476785408156229377970779592099542886735,0.000000000012828514997863384563040507133913253995527358189073757986947747268406482006058080629801734020093349101040620717281167972980417378064340882655358544085177303128403733466281032046964201035396544249058873717145122389037616275220122815898586723104103552691157725263644391478969403,0.000000000000087816678004158347947161449471379342699988892511029825208164504397509253827382188537824269761341728998122681556878732385684217777185223063534759530321727034191372930343184814858631438086414532126838620129148986631009595767868148025294293499892061343874214882650128388593618224,0.000000000000037209399150526281129143983840082935760913872817967954639587365765191438556984274701354823247045528325938200941916892474988557382368625750521030491295231060055801428907208810015758146878089398131567358057549907046740133593304482382669222403659793891956861920435776556347556418,0.51129483486324013880003638352683923194411170672365953299559261787424637473265795464344273451387665436086822187373436137382750050790385462965536112375100796855774488087263280226347115137491412586982662404093088995625403590256962622471659878371577497048331425140888567759080138,0.25047730517776196637731111334020221210297457077650995105982497804773190764191858015908411256593318555647367623578456030109808681386812495570714866918063169174988422778503066941075417100059189205254802274901413746971384637285146835403401018988304018180830156036305743037659054,0.23822666512422622389171030779832385327099672688640604772059538086618385849333720972903334981516552169212510723416718353870965818901958025453502116137999862619301668749898316608815633330340867878486239663355720424014330295247143678433446166865673687593945892220316643227255627,0.00000000000000014191905887099337920196410208396695265452630624203020870017779442993025597007572507462147027296468818650414131761215021653461871867915511481404427469157407988551838420889966978787466670287754964787062539376658396749572140227332576172993554318017630860212330074744951743448981,0.000068584584934006746479557272580050396067811845478020710196322565207282602563108936387775127115451285191436025414300582600861079713453311569515991770703067175064855879851841650548610312255490224588965405195094669530917428491763112064595168392390686351268265472308930303310535974
-2.45,1.2000000000000004,0.96120029120221028704183068342275355927874197697540288532401497490871570958763319492096109488808987182130544770899414867264607513472268047761332521198294885513437051971251822947364485062655171408045341622786496277171337165668248613223017232304498652768808394666862551012384471,0.000000000000067142996212310732338486072415507718820321108267279498679790192651279800796383834857936837697144963752169815054217265612102219409588719073409874939663653551461722962562184083143181889291976011704273505039617408581450112796437240684547114727296096220463368252731247091093130326,0.000000000000000000000000011652936278384278770558671067974962687659381063099140898724737108822327480961924747179226799500128708601446369970953904848849495710351819234094001855072773746914881849938110662240903202289308285273553158319645694047383383796737964278946404751991876130858051587423659194014754,0.00000000000000000000000000000069084602138454276965694470904557999737885752762508064825718926392822918186016432063809648141921776871277486604268720652232462924555866339997313088221191708714200108642337188248349732905350900086622397186035480965489829879420884637810139527451836917211480707504817195104788595,0.000000000000000000000000096276635336612241946520913451020350881246867203388221880522510841020341677427373526524723862451689815057765796866373820900812507193747704476359306167828738496414797451915754250645330049474449040921132165778039446913285419848725742637734404168498401774918745798963697072903528,0.00000000000000000000000000097650966536139458528627066086870829766406564684826212382571598894192685883330389051450111216039493783461884751920837096043772041089926477655006001300550401332004624590084273624847982402725466926862336896321464744458917692052420334720943393225667894670882058305991818732928285,0.0000000000000000000000000043897389868865338595729164738624638081164371302943212797694904144386844384600882427124520329043035115552841945679723027241331584136493719130854463749908129612269203917103274222318682754004970572938669209803861683702735606625783164825527038856689640441733077686422076528941932,0.000000000000000000000000000073825321061096413749476568331787928935036320100756272765154366790356832248189095845100546213003538721997440829466100433652030238784023791614203996742366287568011036794136269626850552689219975689853165038320634659094275752478218844850884404225022523813195477965848761166687365,0.00000000000013038333717899256154372527116211796549568108015416316454296404399833563879445523864489669385287845128436308331561653460925892722086590398874263615046485475092335619140428188336620045094406606466742532141074917817237239755921704049707842245980556595914564084910584138340493049,0.00000000000002323255963429565367113881001639744308080691863193252311327788061107756366481262150713341626842434752750291432698612844814185264778567132277338464329299542851887058848346511702451824793338074371254113859010362153122209522810304129066913997226551122745646779946592875661720769,0.00000000000000000000000000000014270326412273683924287435544132362958115853385965146893130500892712518124258600612188807761123371384424396834686309518555199376467419505417546565398059553301220323630194939662611384124581770224129747205040883931018144948554645169176869296408007069381470731477950516350463574,0.000000000075533324316149675647605874969591479182507409108674371415541899144674205846803157607054452097084434876227651542117843022285397936559710231219942871259095249852828572409659866689155182524937748652423431097985118593358402288343874411643340986108211814613035725141426713200160453,0.0000000000000000010120335473577986581297975123654892819691422944496752030299256817775102672901490802784749291118579644535621645465739021334914925855123508093370790646642671172276924413058179818042310914683881785726660222200259903923997720097855800366027275343508842722442488041130806353723227,0.00000000000000025242083296813967494386119948268506074404761116106219872015950870962849668394916602688885722703256740613059111417277206692489579112736342870436162394156614554396523017665948010832763967522271449478073608462696213299258971609324715630681088073870172836960668981750225529840871,0.000000000000062819120728321518906979702727846932461085226716104707697932655862211711958547843268686566225989505993062929850147124780151242376832932545707174430859505551343099876925488617623207618280898737937092291314470309170441377275535896539511579710334682348522820894513765561026271968,0.99999813795179971465942635675349700667811355274579424867469798599872121656899130445134882985877830321689057062083101452004290987214724073173321235676526345697043009426613104741644369948704116758823345587895593323317426388691204951246075308637286326380284576609675462940668626,0.0000018619723831295778034182526583687295551770378835149886681736441083328473844486410103711926294253804962467851760175761906974140376083046644717731345449288686813992607815071304636998786034325593196115389404857743896049574227816380844926473652298970114855982415203002328698814005,0.000000000000000000000000000011825680184368070626258865754676026286973283684205557214819276277451416330169901202018509246397340665064461138636198529481047568596392190950432158054746678213933838407291433408014629233665610047726856669744743448983126523469945802876787174692719883958026767728425272726149512,0.038799708797789712958169316577246440721258023024597114675985025091284290412366805079038905111910128178694552291005851327353924865277319522386674788017051144865629480287481770526355149373448285919546583772135037228286628343317513867769827676955013472311916053331374489876155289
-2.45,1.2000000000000004,0.99998465748492439071679009487363634617341787790084364412981339905724589399628259634051821579312763782691412604571953297159008821695130039373876237328845337091133359308932354691316709635648683785997661689737293696520071349184358144057908876187669190065325984056712780885959183,0.0000000000000000019796309732813645856665028600266885480221028897705540453639599244881761200280231012854245556024962812787052205049143176846704206016844004245974344559115036138533147484702374946012503481091335498849308083060514577206000341800672962915644436660279516649374175053058848177387099,0.0000000000000000000062581981327809078282252755052423629205221082966120990688151578143553511582931240940062639395084320929625901363407083111214480015154954740592247503994439467680706895328492949666790946630179994610039287663093812846097522062348553260589713147855645369769351755789100347162391943,0.00000000000000000000000000014102101863242700685992649316112905841030436739697973356852026703997474971901362036635313357689073095774243188514266458667316517672744676684094217127176018827236653058790839956153503440734749971154075254457015814788172418258920773402969569880560229129752002746895009743095297,0.00000000000000013603360010759123287903624858082382602959754752669491075411552303148167216053003449273448830026740709211533207872578185319511624545005466920765478908324088839398174562194070094786233619686901255235906065357445500439381009556786943521991328690017003871600517426487010348834953,0.0000000000000000013797545464122984155789946018207091950830442653962778839798785825916340698874677772714078089029085278727421071391432540023534919341180396010145698789095550996851169612780131365104382360600806069320556456013551143879851601382504431960165445174309702054566021140330225220412288,0.0000000000000000000023575050678075035807457775067128652732521285579753312457151962286046823927224739696472921539569186048052927676960973210126187004220881926418790464165630415486726325168366733566964048166466455521180565967235286695975642775633533838355231153185418005977215671796534499914331799,0.000000000000000000000000015069815349065761765238667529630025281360026465537639743074139847088232841740759940382897637464166898208424356189073365143871302992669221733952220791014315632176006244988315294252960141003147692345123248337464640654946941540315440397828047548155538057892876864345114272171629,0.000000000000010116105006934315428860083458210249833769943753697596062866762091067221702455638937227151358310045098354350912861231770151199855304723709506744694149011656258989570278509223974251247044347270225814172123756316370768660094422067921013391651646392918237086629761070366173651436,0.000000012474255490160019421667534400216083148973326592152968116513994385177700496812672776388349039801203850293492202660707987692968005156007129820180789073356498291660793564436090347291264895734389912206090068310501599265357793047812660193374169212850870222042382636887445453265012,0.00000000000000000053048186909501313591360072875266362881474549099745816864224092330197619490465512492853651059465954838558570652347323818371147064484350572903968017143309087916710639235215489507201450784623081945330889594972205924918834214650875631782197510983591746975802255090684783017699471,0.00000000000000000084646844157138575775385554971192946077512379911709299598989540381245996977061173483041516636516028355722228191937746779880290736076573177711860520128230207029837239361619466707652790574562182215237356571172233630190478989185713714255088190027274223710525944292020861689672803,0.00000000000000020653855422472500871704168462028127383870247924615205958818535533587927739052470400470727970076097379445364851359929748480117222190096369244285560423329646800346432134462741392518478087195397700922428343264613761956528676649391306014226548860098212210297220219361932899417074,0.000000000000000019580332784469549100697033520934616195387143810885611546871141714437408374128866709716356233044986490498641097240704073350456662663402049346120907182542905521596783051558727493263607187941922522436968918086765559859547911168302807860807658129464410098899880886333982327168657,0.000000033736947894769612698265276523295119290366864747931059471807467168283729893119915254597930218761799915436889389193602172681773830129768829620678186026396483425489994617316649987701129395624977875858618844143906527782386338961703351463127887128878494965180971737634840939538421,0.000029490292281218290476282388539097423443193728978822946039184397279336939138745251449216858543479240918889554169984838119626908640670470207301165726290946764911272708798358513501490683287249617080167072150569265337545210853664541492417280513679772735075026161128107241132896744,0.9999704634965049137607369609396664263559384400239458370353724083717486666846985408553912260829347366911616907476403378015431916130480602154579159906743298333160410968659723605108278754275296063787163614710496890105917769444309718664781921461977827026219631879922302473461893,0.000000000000000000016709036866277321830877429194794082623691515674564329755496510060644642979719163356221951541401591254411642148904000106070001690716757010972554397392298577003072133331313297927236888301726312230939697184694400607853741975469657187522528819559048104590274292347776221583107705,0.0000153425150756092832099051263636538265821220991563558701866009427541060037174036594817842068723621730858739542804670284099117830486996062612376267115466290886664069106764530868329036435131621400233831026270630347992865081564185594209112381233080993467401594328721911404081699
-2.45,1.2000000000000004,0.99999999416834438724590250315298415014158352294346329351091798686968763510878728540001986908477206803133758739920080691100604723942315800148304703679098633467065723480878965435635086417337616693552442148708934626180925505969164044710935593171657350857255802604220584321459461,0.00000000000000000000000000000000000000000000000000000004733468449838070381554664763500430432690010855479707411996211366768324066567321107961293324587289532578465693658925198701673587893913107695432455907480444367459418609178964369317894340841502074580695295097361342749779193028252696361348221006525505856400570241277958769671618,0.00000000000000000000000000000000013059314220092799383466106505148698062789797524697671287378756129779723786639894157215072178444541496938116775944420208721818065899837297317009301354879480500956576617650642605494380040882859501079289050603173433516834710093689391373597075974319099387946467687200191837061575,0.0000000000000000000000000000000000000000000011185194997309352985644897405381377606690986536454075477935603379664813379219584676930553950810572796544693303264017677682350764620503281523074836152329438119027100875750704017060512043678778594098465388241966481084512819511064301440976035674358533887306251213518092462892391,0.000000000000000000000000000000000000000000000000000003252680741602295258891220879482412704938856957691816363443635992243462867232967309390304887724152078507661554806076197468550960636563672755377273249788005836205894938595684767485417064798084539480450784776726978320485016844607365527272912413171152038457447268793493220649649,0.0000000000000000000000000000000000000000015810253928848758988507567949212346899603058204676101163248802888738644472875494372902830827803782308529395549701374332226396619103846799056157611256212257752562889647638638230933972584302420935950757269565708628464523172293926229871718217078002997950999888344971887012122167,0.0000000000000000000000000000000000000000000000010265543154834475484339024171728760287865051434741480124122268604207990238685580652243964778560846693926582508533736594366339609094699695961371161436775728362306807761626007941890792873386386436344423751578653192262778515600842680397884529742333767373820749832855210219622292,0.0000000000000000000000000000000000000000000000000000000024941690080720676708192021872040895588600090588859271743761374652203248294744729905978492709247717266418524836751384695581468095397190460203045311669609313681291932832860795129931043167751781297168406196519995793364233004641925240493067825370001856660909500368290394029135966,0.0000000000000000000000000000000000000000000000006363849872895329539143668191319114091059832386953854614021418417281066442197492616795071255942657675295154838895607685757962183154427830839053208790483315977900016527499509078387727784081665729600553819462238162466157240568085276216232362389944543555982334871146804064055164,0.00000000000000000000026036467475078113876133286581173139800534571881566171531234369106150579729956182823709660204603865114280894746083811987482057382581680353427319156758788068592473093631953559215256192168449640699023583640250854305477985909343149566135991504370705838288781149575066482631800502,0.000000000000000000000000000000000000000000000000000033379014105184290203996827377631242728793130539566279950779245674601315139735436140380356500338227784613135393681071716855494729776424769197840723521716799239481623401266810751640282730946725127395998453503468697793211204731368045205456213025431146378792947520325558328468781,0.0000000000000000000000000000000000000000000000000000000000076929811319570355024730118518690327074413649856492051990946813637099668738958488231675478036621974121023113465309059907782363177745920953106342873099605256861883556157402724205520175344046372959203021933632883901230977755319322392472045417195638499629292454229493297675430202,0.0000000000000000000000000000000016385406039292796764897883845378548784288659198601266896891749577548487096637236421595099995254386843075133582713478116888114855455722023857946557654846206159690451612342862448806558063329905771985276777476113852606114916136259696571878548434509105705951878009283120360935408,0.000000000000000000000000000000000000059029408394314655604056707536651931698820670834588036165876011256227338041777216050496755740226608130597019022730553363753779437765437692130461529124401297462623881184665607899419438706744644513129026159650240647815213003831950313700260915911042473216254480463170988732178864,0.00000000000000000000000000000000000000000000000030661238016443152242347189793932547222661707200139074205123851273570027550429652579905097142858489189955895132998210965027967930607908137409907994011350649397391696532232124320061143234851282433623603302060850211649519679187386705069643131676031255417224289799557477951063495,0.000000000000000000000000000033792170543260172344876954357674363848405831446880547778010375485770849238101917023452187759763014880514016651066941781365682234835203734191434288544976589676419963654706731624997251189661854544416747215088030545186528582380186393195125969539578287280097407765003417078826151,0.99999999999999999999973963529145527912520135489498701130480793852469101619872469176191402993322009337099539381408092143200366523984812225742347836059826829474782452818924948045764617756302145737346516852504895134920146864327460470371111454242772419617133182234693681627461007,0.00000000000000000000000000000000000000000001914645734991470310040934990785937822499826956629516457853401094062782766037183880104858497822264930341963867775291924737339239930155963499937659934559662927079738289546606398480826420499208962723648397972368004995134615639321831583417089531811188502187992777686648699252163,0.0000000058316556127540974968470158498584164770565367064890820131303123648912127145999801309152279319686624126007991930889939527605768419985169529632090136653293427651912103456436491358266238330644755785129106537381907449403083595528906440682834264914274419739577941567854053870326848
-2.45,1.2000000000000004,0.99993141541506599325352044272741994960393218815452197928980367743479271739743689106361222487288454871480856397458569941739913892028654668843048400822929693282493514412014815834945138968774450977541103459480490533046908257150823688793540483160760931364873173452769106969668946,0.0000000000041587268207654927028273431625327817915805719545782275360846367912934085057420624389738481522288467289478332740298589490216528067542265969945664668291013702854738958163946882107376983836786268112633417470070945519478507461020997973735232950306788881283138958314264812388665878,0.00000000000000000012562911401637975083752085547028966562131971782211751378627575031803371031174305453597888557957928710174389514857994937610267324976550187229385773949475164893995092012080727962450143024340810184150335729341150052820146653748194850333320880133463455028540456724458570293513342,0.000000000000000000000000012655459413807451755528688133301520860496481112195523828860538934638913461131692115987047803600744994312701826389105256770134284161326129977428579317590215463540521640560008007531305924539618462661290719713673100979188404833442404268315295611092674548754190451769659816063142,0.00000000083901121537075801738559572870464331691720568504748616024781613266561428354470089589498591227985764727102553584070441348353932664569264266022171840525015835021743192530341398775885004321816940729708932824767487177759783153865494750167702143518508552375663093290714485938806561,0.0000000000000072619751219345461631279433402461497369124758453638478974671455335924958111712702635582474269693325111234943962188803553374240095348915257265804246307743641272522890708617310225312358660530375966304505118620192995391245838243593747056156154292529518605767366445280883099678672,0.000000000000000055457753721860312505522736404177867183115905791854302455559632671541120099867046550453795076270348808494624662173727354803963768766343579862732459875397217819490721051049134504743244455959934221353999165990109946417852429111803246351387418498801522012910303112524666408842348,0.0000000000000000000015844344899186810726647373279217656991797178802346807688205738888763740110767357123236699707905043660315776517747113567006482650173901401226737597261150394666056125195174912851788862136946864346940739254614127026516802188682278035875505304853713843379458736625357137968782164,0.0000000047548055948995886850040560261300410070529496310334366699753004659176102507140705400679593733718497614614785824092798522997326941382206850833215165593064778624985461383263366238191053505315671195333464611507402678549984237987209702934016319888732836925813098534963078169430944,0.00000025046784891489625039949823472528514497107567092117780161447561315087296482032040747157958221901159603647602513331729677252542913876366708463272960513691271585974987583908027821404531231489004150960708795740192876359850090630581756655392651383804355296808656876267687424207522,0.00000000000073204099522104283193052486734763196509369445378040177781746432683902859160731769142829123309040930501187402740727168459226119061824584037752622244464444695999465642513965776070751311913933768699881477771564339241626286420164177914574957293613850138381293732193574318045956682,0.000000000007949503483652037635980417061618401077617019943362816310350885401708227224152632185600637826908706193068320996310131806917618775652557780229040679935704265136066140369140023113169560614681378078801102532805618240868465571363355552254107041365267779780328538457785312164023526,0.000000000000018535111402013591141607392341652803229509733870454634360758267847516808342246530055505443530519316860365391909539049862629691186901592859374340643429726280187058156177027476663303488725483820691759961959064074649517113361277945588618547762987211296359870440310262500114927934,0.0000000000000078536375336850745863386615181199079307250930694947982296836439888218029228447454474159358755213990684309330717850000204989686261243390210932514348023988764780361993959074356130946461625361780678939715700738203254366090037558432776201033781112823131392256763669834191947971325,0.93000242652815480980712391488389520549791733439429222318805699792411184109470415770506856051252517182035968150123398913910198162496779880253433191850357875483102498691847197158858749012484056218897945947661760128853113223597303570476431799129985725395303335110969494857995481,0.052867232747361845371031092024071394025485986019500737278345111463173190103223716606819389117656039718015547019331823129329120732842450876083409428496952015580460047535927674968885916595519792347415846424302712922087003627202369337233747291865127157988540133700932354135248418,0.017130084649943554102964031126600029442375837063362985574479696738324320115657027876372984841391052605079422809360138722852804479894608758228779468920230241694172115527115158302837534968364396544942451702032356571962856583353081929576313776450358611283427816066214168154410639,0.000000000000000087943620370672847180585318961277062635307960902217784241342762323195412764295351172520391183378310445761165120196040141232853128715538315308237556443603640427686849019730112922577698010397761104805690688352593699994237504467023338046833881499908010376959261804419232994929755,0.000068584584934006746479557272580050396067811845478020710196322565207282602563108936387775127115451285191436025414300582600861079713453311569515991770703067175064855879851841650548610312255490224588965405195094669530917428491763112064595168392390686351268265472308930303310535974
-2.45,1.2000000000000004,0.41982143004322861391873708312624345907015647123743909347128358000976255094154210683473498890317199492790691046999860468099921263932901705581235514587474665997285444089198504515734508777479344723880627486797360964933642413719293950389665277217327981446175418611793588477820509,0.00000000007868081712169728025431118165021967894032914709252965202749364147289508305535419447909502504223762986411458296614595461293343486627684505101940271694934198925755549334676397062530959644538698349385043669967015499993664882631162132613054913213958805239039265543018379268581273,0.00000000000000000000000000000029052269780853217813778088675109888440531339599430310520701609771632520709306359046489267468316733603604758981440846714517097659750462065344066676343242884902442883690150048277846437065507532094344739909198408222014342546543099990901832502333381131312859265161471933595587893,0.00000000000000000000000000000000058953840470598814000105987082569312257535328591002816855719199357761865105161140170574886225830955420037132698778933712417417868883210700184643035034999346082120638837167395748879581089997536439416454798354752012299043007411163521382473027894212330225740015490841873521953619,0.000000000000000000000000096276522850399739359744391269875224179629710028961238754142403081912213707010371654194229939435605548394436072083839828880512260342186030617625154048553930114020242909060640676833355575791592469763678532315385206892357445780167934182955783487368993362192478614838117782860501,0.00000000000000000000000000000083331152308495523388318473030961484929055358174845251529028419222566463247120641908475320662254336330544795064342890382821310460496613153593709314044069048602633169713553905617994743178238749270740217700942009555355088752765632029797918197557273563501956309998038162666908627,0.00000000000000000000000000012821997365988934295212840413591765809544336570830239795298766181068454531535794108713453109374669383465226289076165875353525281745687530468872228677024747239812775999693862129596134860418845532780906007706655832286397936547690753285428810553806736952857681987666680692155996,0.000000000000000000000000000073825234806204635799036151877749490755288219597274120586209227640919300923515786960790677040849449063220580795078148834542278101650166937131615563295105394011551565512838867396422889490222281681704128073813429089813274190388160526871895328463493652653886910671226873118126601,0.0000000000044637934691030657129352872552824843663626750984911611104067627746719158175313113026556569132473058200569173413017522863258808981772866633822788561153234866181438621532511562502921477255963541464621493366539930892322162708477556225983605091401817893124294626265636672530494989,0.00000000000000000057908910540417519283627136798872704035623406030199793736875097852229649855361772652323643994807792519090670312661600437446193890635647394749985225118348282785103573404233724470434646954576507814946474055013543216446615920968254759539638317152326318949827745835478125395859743,0.0000000000000000000000000000000041691474526062842601187880612467105605028029871628747326841574459851618649897238675500860927926628196966624759225830587020324715010665373248982293320672743607593629090587865388983521725019087360755529730624162128132710165381053145569491997154605379656975280111805773121054332,0.0000030303252895094494713871452622644850640084788547742382986290465419912110470318583524484279066316751922075348708034809640179431595404439193408153530498629963445767043467892141199222719317553976169072242495292343364430292048871465677423592003114114402080020117648806570040930535,0.00000000000000000000086362608244096343126388842865294589077305525553929651651064944269367863740076268651283637181461319630250711480695136059196091381388883246477776313106828017937992296807815065102372221392213894432722673413239635247384095052979173047092962058247391376483433948172546469768217051,0.0000000000000000073729651469181483010642401498971136726999067431949745917092260019348535103680512361785857461619073409386554187987658352168313225754116279559834030371478691291446856831488445717235084262355147741513525468106261508175891151597715874623984237550239780758162566555084006167861971,0.0000000000021506703763604641876731899493143555441305227022395180839156330092987609225625875566346783895326968332984489408055281646133602106912841980385095530355486694075827063381641390221095949765564162711613492216421237726524351329399967250682195250868292087581760710423990613113153328,0.99999696958937559636598810387414067468502683920153381693333945510499150961306580604601261118320855674694680211174342455454331521247420100559772683045933620400133414332561167083084368303403462475724146848308715773982598118094012756126605038820542701616495452853927298819707259,0.000000000000039605264461723941206201341774894477360515260853508875761095190737967568528724547582456212528283264580496302971637463680929513435768048901251506489629422153049146385428630106982814928048059771083253758636716755813585024646680102619008708858446952629071676583713334061823219802,0.000000000000000000000000000000010091528958194496957978373450102380556981732964703626815921940648163762654358502561397800940712312599553766076141785305179015318711150792093691373488641497284923016922557089709519927666001606383080943003393709652866998431353139390441884084239670540986442469035956574811763712,0.58017856995677138608126291687375654092984352876256090652871641999023744905845789316526501109682800507209308953000139531900078736067098294418764485412525334002714555910801495484265491222520655276119372513202639035066357586280706049610334722782672018553824581388206411522179491
-2.45,1.2000000000000004,0.99991023531949608196678792191532609354541614584859148200393239719721857941710262463321767796678933760398038017141960087969942087419726261851794161570814724559961718507804266508719056174388122424272869650227496007281024436512585379879823122399034338456438204544740102755354824,0.0000000000087516466682627566081239857075898301674856759422360189415477065151777557867301189911488057691398822582030141537857904905850766499740126838585375517584372135280828833343041413374833017470229773583147057424696584158313094376126099378607754312892911903253441958037787652807283485,0.0000000000000000001178850669842639900983471972427779050047803331631805945571949650730325147996266445461415667638320793100176734924896328550217115768120852077087986566840892468020619517798894071557434561142997286252829179893506681292134920822310158473730516836606637442427677822725454866822714,0.000000000000000000000000015542990691257554988187106450561291811223147223635079344739834704431001729505887426670117162834664172909682102078542416975896231841701660942906897946811390529750206676857685409030360261507428258120546958277968204365743011114274273114050845229452501980812001423623121210427172,0.00000000060138380295193576845641612136524426649854794377727519711742085915069304845435675400195235660677573728349958700081737952362176768767336600727842557602821742994181052196454201713135728969008041833201064166528004537267247812467873677396048876786424711045889355858975491040619994,0.0000000000000052052155391527983825288281484284707862269130633154371090720346235713570314773534779614190005902449777323326325475538737345512263367295966777684985139827432425870340142766313564087619339829231836686636110976445386602883953151098511054548010126365327900306275524732321077611899,0.000000000000000052027673905115125020592196086820145738526852460173751664457282831720185976899992001050838878936601053117728863704871790615691307226120241431984179276095391963286857757882310361906534593524574714866579339328801163265434566342107978234245471330467511654950740123859668172553001,0.0000000000000000000019459467825280974480520359692783509265439197254163160848990384189582916656707457454416166420954395412538622127967692630526359638398732915895819161228491369732161568744126449917680000287049356709001820470967228939520246329902228601237384463602497659521751436953907171827758036,0.0000000076432420013443299993235171405739146130450241665687994128266521563196810199209360466729340352254683205791717103843878443701201188400212334763888221980334503599280666494493343953427912534017836770573037769744753692233805371420792449884114762650879889306048573314934629789784336,0.00000023497633229820489014474935962437585095111991140988995444538266250018761970659470863289930318691833048782972513934601974769030754053316605528728705771852567644772560089241689839532573286309385272983224667128151299624502457727446819593860047257013343737235635504661732980987018,0.00000000000040089550770017919055872780193508493380214914226985050523141666766495163082751763522038296516988164638277887778652790438034364014254950620626298908554911919385742543181171591652673747205065076036856609241361126172093887773139637079213933306136232999392951335560550600236467746,0.000000000021895635773130116275949493895611338711600598232916499414387170094554232774083093354995636044755609191552647965649308449869150195289163043681971536232080529656836723000933401068260051701393106859065694417669900360758737031855970791047932032989917707619563004274700145075270381,0.000000000000022764172722849107461558034426076248056312340297090716152730395376509604448728113446250368486614332160073349134208848056746257923427224326900887261676839187479412166132955645658079568100444246556052185578334502198893586018670306300971877207688097977977221256605831977462767543,0.000000000000012624543961415890741589759039728677662203005251576723456349725825680102250336102555917132472613400101035566080996104044682496775435438427789404074850650491961535299632890713193975659277582966722787355859486133965739272387202291582142530387970079474247042247030112357772207448,0.87267508972884135020996827808700702966846392125703039276556486921730061732419073897996445708473431733308302271749094793186228802758267710031155158747516852077354106985420875665893009881964360828543176955956251519890703597038323775124911067105778399459778578301451440118129671,0.11125408358718710103771100046024713293845197459463249582116848810415914349525232981574099501675004839215905204590896873204868191769923463145469468576169823502701762808082721500017508172931698963418541717908476761755703174087830975420523802444334299861258528681142527374204192,0.016070583431924559186393592555410925417164297810158454735290793985404571928358470205735573327613684842277806683205517312876933486629270344884552041722022472858040130667147989779378736152680239074930648885338570345337214514552938174834373442270140532698575995966433846551685967,0.000000000000000063035949812071916342238009180245993525846443917343019907426525804821174781649576296134570892774975112243253173313389362258849550545320233368858727807191649114590385497899180110998225135342301941789137521128298130717915647930749000155251602904324399139660969835818528817015872,0.000089764680503918033212078084673906454583854151408517996067602802781420582897375366782322033210662396019619828580399120300579125802737381482058384291852754400382814921957334912809438256118775757271303497725039927189755634874146201201768776009656615435617954552598972446451758535
-2.45,1.2000000000000004,0.99833901657022540070864647862724191646869306179633298800847404953168712512521123392639905834131380387073236854443320394529009133022781957649253786255081380012425888033936414812172525886596788308606392891549713215414333144374717665012615259707099371088885164144225801637251353,0.0000000000000000068491450511521320436717429351060104231386481312968721633260707569862193972940693198857355508931884708460304938230909430134691319921634796548947160977520328554529987815667329148812675709645349136371404929037059081134084853109189764769436280631775246005327796795740465964860497,0.000000000000000000000009993269556589308139272870234159025737377043294988239461440619196703403476322413719165186160827277075680776227625424434372692822530134936614492626795404571651192441602714828005169024943255306737021107681346823164193531185027768838782889371529558163662198577973087137078107148,0.000000000000000000000000000024424323153078427520371855095405748854144743006050991446629694438211014650591701565916251345228866903718710163459732457815099099611654848700979613583238167406953199015841387068040373270095887046156757109458741855309214311279855514764817096090849921408736453964624798482948019,0.0000000000000000000000034030303148851875153677763075937893961414542537334385503090727527774757308330897939235333649973876643285313509644383153234319410338110563065587770087955158928393484246867807078548919907913331408843255800706175145758712458886375029649953922869777575836406586012426819351565886,0.000000000000000000000000034516079445284744750809611714569279879310364728650793458217160725174438299033365785944839755054042680046003790437083317702151755914778772170782684562830443017773713513378142366800610148714416597078194174035580881797075756168620881055073708949454977227537577667200682181870251,0.0000000000000000000000000063952318642304387662799570625820335363990768009425669201649717627762035210596990445333599289343021594240320435345903666791490512108570963249731537189354224252076772934512727256828150602761389997940417231767288896966231713488331342195393983331205790011451423816367857418329893,0.0000000000000000000000000000044329784939248748329911601485245996057394290132754253555974091836644841286739640333121131990381466934605660900828115833011978123363019734377773202093962363678012340881247057144277044901045972779639471770242827515112049000543801176805026064714625571796043144111328459179556338,0.00000000000000032276127228445907996017773956877217574893858477762087854574807203214139690031340246124143163801161427469600765385847539988929863853325549699619093674048148251764809985226959474953335962140529094277901666084154872464200796907043089570157274320198612661218873356969860409642784,0.000000000019923667766528201581932247624524182528233552483301046014977628053976169069462231060588429783135464041830315992149976781147144747079324594103366117950539634612761937383927832619588036498307508652648747651436261111932182423683462669585515286147129596318620234352220727503793418,0.00000000000000000000000000012237878513323504582201526713480675482740019741417418438074414866534564336239017544493629836071136057032547098061353582338346562825096557922162880545471856228086465216749071278349087952817554106222247069602170284646562382845164892415723396107572055139136907643958559253813726,0.00000000000000031757545461707842126296891560250822053453167654900132958556662830822517494213629410106219293789519297091192118761597362166509635897758695305701913320131070779408120187090245523838465227135172330863085446276554383370934916790171592600057972969004088711024264314354482727571166,0.000000000000000035771719995180388609529707367453754332319949125158742280964749099505177182077863471729790740792114590400887844360267763128493999218133738456585377441793114634697156096158483137224641768040737193550824596061795575744856831837723073013912240695571589584534409875085651006090431,0.00000000000000036774162632808111160528529541601290566222943932759997725228118776817545247431613532555070513775579522034433912098927739668689034241774484822469960929738396493328085630537799095881378127465215546278331578533814070595006722894436068458994417509171025236830033503374078637574023,0.000000000000091538926085667418888877114765168468942076092353909515090350822208767053981306259523525295746082899313906048218776243069647437774747401588018414855046400613222898898112204831180828959477678778585515084234108497380973187248107099744210746772867778407953259427197821412417200419,0.060060070025930203846138674970062560931382781583872655813087426284314085376616482042181096928840404217858464807854936098802997339775404765999474602142759128859013771124876608827159532438317556504566196902473611461444506438066442409969602083914229416597320032853029642059104826,0.93993992995405353876201549666425653227745761984220698872113537775761775806927760764145158791076812019987210052149928783311201099526297902714187395940688498505370192845984094068501127893015692143460290123344086224307206640441198268996019337584515719130685891297786803165313913,0.00000000000000000000000024605130742962739285181218921338664029225592572908634027990244966058544472329529812213970585527046671504854052857017664793331032135206421353794796665794471380407846236405575828605209122925985153194563318149395568335634544461264165922097667107457460109876316214773349230840798,0.001660983429774599291353521372758083531306938203667011991525950468312874874788766073600941658686196129267631455566796054709908669772180423507462137449186199875741119660635851878274741134032116913936071084502867845856668556252823349873847402929006289111148358557741983627486472
-2.45,1.2000000000000004,0.99998465748492439071679009487363634617341787790084364412981339905724589399628259634051821579312763782691412604571953297159008821695130039373876237328845337091133359308932354691316709635648683785997661689737293696520071349184358144057908876187669190065325984056712780885959183,0.00000000000000078986864234364933958561336329643117462299076122640509316648489744332566490002303312243086442461210498307815796386947945503482271112305055947674640890296705477147963896595184009608245677163472981189120763741159802940313705250137314157827422243482374015371823651260929871390933,0.00000000000000000012497125891019982809719660087992656132204676482872783467860696227526322513446323636640085564591413442361363762223965813524310900192020427341567846455044978560155518853817267132509823283227771745896704007013131704214251235908690677633983075930905454089328730679651815848497015,0.0000000000000000000000000028160780239570165440049805399231608161167253290121656972731351763401184279601570618424089823251453033755015940382187456187969341689352744007365633150395049354500951878652852455155923868098496599564984169904471067111117199226159822873331845677183142315869595029594862030737995,0.000000000000054265081730772595851347125905509567102274433228504502449500886795763872074352439145303510993474111939147386031668568348703697061361843007684377432322650000795870568637033488093609776788461864555131651331914369694758773314130115678361338445789428962299468649784717895041540467,0.00000000000000055051919526986638222729173749833077308122578415418501531734191140924027955057054534836873743429781609340371262737669390055636969132690324393348421646758639835805084311221519422715285601528453587334494759308216352733474606362413833802013002338381487513153166309913510105703484,0.00000000000000000094043093091782285802014355156041048660693357814510500159667095957564867214373724728520645134341003249228552041453088990915479087316946765326205999540720681503061786582113039183877653655009327192777067769541619310753583513222599610825921649167890814366223876735301459728104233,0.0000000000000000000000060114909914750560959984852408178345900512160162244763771772406736317296173455508189846728989776785104790127564395322731789810808568767518163365061361359482777498075274521822066658095125762198827329458103194802006668884600497840247936308763873754603812136051055044445060830322,0.000000000004035409373597369964926140705162338825680909153171455988110253266018204396076725472725783979129568425353934452744615071524218149474417012445538905447548547015476112987240604217270809969470169326460105212350957445219614952009840648753712469862417150044131699881946741549539138,0.00000024910099991993103141307942289340047024485553445859898873009782371880821648328456433818043104700332934809698444489499939153861826973973635796737558226746326706196255071539572831523613978519335730581521652075803301018567847638125821887687678012049849017063507810086743180763936,0.0000000000000002116611628052383100343244950685722751996746154119548571167795300399607814683563657581904109877910998683802502231715997059299410459984839610912160766018896784130560440102657953548862332653055960816767325909556056090311167961561059692670420916548266884409923773008660188797615,0.00000000000000033773914823250569359564312831710604479179527702495949068256220025705428274398054490122755331636250015711935402572769628694945447596488424996146618847329423086345301133814066399603533894150081298328380965200093001833942801476524092921261267314531336698076277909500652427155624,0.0000000000000041244113061480921675661016809983014052915572093194457568889100154771537460141672255408259384432707733360364667082433801720220106183905033474809756348468629871422852863122029214465761531329943250692024576193010284890728332700952576451104644167245267386864859805341908634259243,0.00000000000000039100373398828020224467418244140712215556435700825610840491165906539961538829629305103814427405940000528532909158215702473933711500726934366881012550538017864604731813145369686318665238589180580804789012289953409264946791106457043259073682389657442757874344199600683729766663,0.000013460972065055955573981287134084177106680401524515142510819174977850953457446131283516522817672008171470981823425134469124945108742740522914776515084104606866516818233500440834528586731525532463135347402587320796102202758348426209513847048011371514658469900553823104650144457,0.00058889777437837815268052677763964628720642652054810747948452431892962421966916574917648694939945571538031668919574464588487350291615707969847048167531116106991476036282658406925003572600827639624483354209135836969112984683923149226985143770678713538069546510721195000859317553,0.99939739214846056490312271535913647672238700694691029866819193886862466935594706186972967434608690470443952222006517118045273048689385938488924833864600180189960693908329707388855536900629256446523010534402117722598710051293613588691686238777194452468363793030962157028700136,0.00000000000000000033366622916870197280272147780334588802968867153618841575586138619800413534744985383432406557631156208259201549055492236179174729427262879701699352957593589665765650389242574153538879544097153959829445911815742163696635338859327466911423697596373178723189199873374318870774204,0.0000153425150756092832099051263636538265821220991563558701866009427541060037174036594817842068723621730858739542804670284099117830486996062612376267115466290886664069106764530868329036435131621400233831026270630347992865081564185594209112381233080993467401594328721911404081699
-2.45,1.2000000000000004,0.99999994148175918537571950968094404111247105859256579011202342756942019415366834519851312616875203507579274380106365326486614651925055123639513947240333345280300883558775196887044457571624585425495317038969156707052021405963395653759895885437689048272673096453113754815150978,0.0000000000000000032563504076377302184917473870287836115508039237084331874077094815763655200605103882664305909448841221840754029875799013633505125656304608209757483973802339691670665218386354885889040954715873612381998916990950250332425799824705262078615184720355964205274555349286830371163005,0.00000000000000000013508226645337072169727557715763844863366444463135573386325917983893220556926491891965954945643401385898542792650982019951711137305904681425597919066055983079396036672689823668260403777870405270209412053325237170252640478455787477358654236935381186983503629480242747686624653,0.000000000000000000000000000011612274825808209697332840556772107642726630739101631458158516968334615942257592568408052117683940745080965087908723595890590684295082133892022559813805722553653119827355924394438756127670182049780270186235429252975026575268066156150279332273264444030086449196881833335271103,0.0000010571690972510277980434342590759626318832524230445423739030679334886326452134453126183196645823510140241879458501080280782388084591420125708424050793914530934321483269427063083286299923972908704685829325407600083721893495234492239742837659713482843736446524079282254792596955,0.000000010722599909912226113592953813814488630536754911077244790970829495779075193173560634147831692068209322814733191750889525623659764866404921799102629414823461012968709207455343801621737285878938598849307597210259060399385976101670526393176242242644038736825192233543116138184506,0.000000000000069877758918635278936216611170507083795414808358966674668700526312344217231284433078587600855776749954723771206134885607091849937583001730305083430604646945757311982520242980394172551682839015267908460914170635224997162060974099586896254004451191951635763749602091093117956327,0.000000000000000000001703657656275441975027572278009256779633334066257928046440805985172889614184990639755390373500828231479305661711697421275063488718727453805383375669361620395366836103940982641371831336519824895570246275200998772300409267899737896779671787003452575047769490233578095815754556,0.0000000000043628688225276507390196782035551676495172844014597747350088840717848242729346372860440407578844526489030212352748272170168656012510577442306552832099060590804981109561855881875826761629221362221083590001616374034959452216181337736019737671795718151799817792519838694522973388,0.00000026931468051834950232635744391151994318347935923597888390122393532756738669286542318987596673258319940116328914967499612677173980811005952636265170698444981305715283614568788929214239747747550880928974184103482295951750797228831754589317267262491819100685003806478633885670453,0.0000010808881299662435453315850805352480374005925392272671901493405439014806947541478143045832683095153548169171150133652640466309198508138334957494754283474116891490754016062211215185293753562954026638292245537736651953457638678896578367235274765319233628607192729280653318005646,0.0000000000000000000053106261347619453202382856320930337825894828401696170955667824213473148356861611334791948743119425430749090656776249027852419173062675101932409510357280863872852517249278617570284786611148739608059651696247984205563101584081555540177260226119732069713458957867531467416348957,0.000000000000000017007269391763543283961231500419638304824752087973660757445603233132111468774147111661233584564057688483591766289772852766974742826671911283594353826753731858661242597783586814694315596672347067479689103221653576820060968935895393395747169258828888429176200672152623087345408,0.0000000000000000000061495252961931675591928001109982285491063910913915925195111092872118957733534634824955463688591716819155709650427096607730154679274388501622018952455918169866319741009640667538972128615597568571874669705089270106653405190786122538142624356275180401952902767215524221328702096,0.99998186380728659784728963638844271043277662703964684955814298714639904815101196796228200692645801118201391490100002521907426058906920275118930310006165401035510458463022335260544918933950672601930582859264838773610550784093754654354937544412027929076155427424677700311087301,0.000000000035325528323451652838593313412381279929401898903642691527367252179496936281822358280507557654792306590471201116901443027308276081959986330420066751725100316290403441011653807979181215144478083976141688322296220163674930462078702228170492834244243215828037207205504750747300843,0.000015718058447366741803817493116497998350157233678836680736091418431619769726600635305974700429431957279659340938358536283887244574210392197944349125961982609097812504078829644888161863571613883413660529808613368635806215061204791613173896084806590143234784207589782356359234962,0.000000000000000094561070917338667192966143830878389572104644971940886834724673249299013179851269404284084875535193646121275346129920898988569199485592069333250140158566535309523280797893654508351999733936546817071914094370482068144622314363507861858822021967927547435679048378005303743110301,0.000000058518240814624280490319055958887528941407434209887976572430579805846331654801486873831247964924207256198936346735133853480749448763604860527596666547196991164412248031129555424283754145745046829610308432929479785940366043462401041145623109517273269035468862451848490217861493
-2.45,1.2000000000000004,0.95166790964641715352057441033330074150443249712164068036008477119309460449071327172092052855799597145153159475517177457697305309908102923721115629786090798174250009180976866554825526529815342716812307289700930160918066447669051139961794680953923091652713635994860744570751591,0.00000000000010623795133134415914979253283004652200533034213858217227003822584510013118376763358431106788287930295912575459935697588611273359697455253909448074663315993504562307024756702814208533047625358661074530441063150395019403522042532401217125482948162101256315191481354435616947343,0.0000000000000000000000000058522857607419900389152473984574564118799008145555553217664234118217477041965452631626600050398899763296964591693091916187226237684481117810508263102725062480109615297097081382907714732033409505568746935041476609417585057733174024823508075203014936004194997079571165421224223,0.00000000000000000000000000000043652286256327371746367253615652070348829608590174801381834882591442585669183040847652128788146837258887856081281660166317664676096363924325967909711602009655367624376804821346320927841029632322572009619439284796201930982201738809560360756583481015056707958061761590007190787,0.000000000000000000052773120926871342870701065276945316348953114312348042873331092310612719528843973556166430007569033894626577200021093018763897605514377719586990857665898526676824548450783372525078346745212177316146600138046581255940491614459193756832900955422714318924319771466208555234208627,0.00000000000000000000000000061702431692370991557634610195662689476210193967561366689989384351071530608548027927310319510320540849108183082927655280930327470245126702237420672648607326722636384123772811916891332346614053196699195942356894707325429972886634924132548241771711998232439123690292834035581618,0.0000000000000000000000000034890215342991089158430156537843364971867911551245290326213287176199368825427817016986382256107959663105265622445162298095694000517568694338603212827466986793489810429787012877852091979812239393726150571121164349556594875604268918224882213561967370192756456686200658188256452,0.000000000000000000000000000073809032856592635371299460812614699475286142755785491597640991002506797511781943063720984613777219591234941306150926757292106194724539495065380823325557693161846365323432860513779567132049161204517602869297784172636386684949344667849465858173344335219066356702182679812521824,0.00000000000016400679590919688538196007182624501305897359654844696428650765682036121329176500537629533296696202535780409052410260818489726098375761547187106712537008609665118951213888860319162019696930231606036383258331523329166618781377816474299765819758705273252422485210849403548150691,0.000000000000011667752632062728278946107711915658521619161626956422161041710938281219159815583550423843682134315829332538906837403504866974379518714527461616156548560551076563050901513879240630538711311805616085416033758281586906913980311901024529246358696944338866184616486874477471555686,0.000000000000000000000000062198931757850716117284264709187541200323271220589236244122974695440170903221661834981115493190408488888796153635501738094911708118261450274238806834617995520624759492474296154815096818862361985724781723735948807074265561551020445154237835225950700652777167765020025743523196,0.00000000015033385254420646162512599166268242176622123318841828402355976835681589868698861947094723909989591996809833608394974656460223193209193589295067961001429850757104664728447738706256233442964588484303369534691394116485848973457948522506374715224077763001531187102062758509601808,0.00000000000000000063932881632954862406742104193646653616313306833403411892588217032064474592845991419426116426203018166944359107520286605839814245849083087509731652456618138139720891311342086041358385471008387659709007182995861662164240031718398521637698387324889402965578352191806992922026146,0.0000000000000002005828439583942267118680369756202839936150685992076658847146062024892466077093482985168136094452515951833874872500200134311990287896596349913227499080930792292316350000931355471464096602653253531338705826632373964095142848576939844257483919156889802749344067551480623863528,0.000000043323078418881454016661970051390313620378807150028186164723135108639252344301518700941415498663712885912935387045336462565939390746745812166732322282596560416144044228707328844170622928771891210209789339173345973986569527565047948840082829542876593201120969152749989945583607,0.99999936566086621508805413090074419454305408893873515685482606866872027889778122336824793307221617524987985467225949043237192720840772810618626396670679341461426677763646270487183859790259387060139622838108307021522590751899229892399533443634182518172237593377419278770052443,0.00000059086543939971146272240620326862031105852914724154761317491143169894882799251321081412716459188843556110980410602006798200826164588042819230706278243490711228323673512626761510678504794272589635954142415437785297050840012055107088140315342970277120155051002153037110612413819,0.0000000000000000000000040967509901907304306236521704524187553159295479422632778284238145027781012591713597463901911824408274011560443281116590202388818620254289512726709771233838362044417928593523069788085275493629993820221014450599206308507050462536425585657875464873546025553598990188436267490047,0.048332090353582846479425589666699258495567502878359319639915228806905395509286728279079471442004028548468405244828225423026946900918970762788843702139092018257499908190231334451744734701846572831876927102990698390819335523309488600382053190460769083472863640051392554292484091
-2.45,1.2000000000000004,0.99990181787282088352925297483682241434535057344673967076138484502444098262426113700401894200018184981044567192882897787881096587167669429392424844514921860913720460253135131824498430868809759947654197362092913453070651816684497830917078488597958334597392173365864144610067193,0.0000000000076836428369931414567126975795531207117485910603823560651277740432164630042687577737473742350095594353818193428664883262519001562611664474861688119852685972744446236529673890965862932491676793750157842645962009313054688658567039490960566497297799172914723437640757965419650638,0.00000000000000000011320530832464402732703359221930258973017474416086229993936911720333563999402200129587452695177746715773908910225770654947912726058932743780282230216250700925322267110863407388550742675496304335034154859444317956985113771847202044291226208795481152309707578455165331060680978,0.000000000000000000000000016329374553746074046805948922134748082357809257210521376999145579268804575699147153614010795016774754829637049068576320237596504544340254646120977187426232811440726428478245766553818953215923310929587862037742182872427608622923097703921330658577248434091099266501249743398353,0.00000000052799416212635776941150609033457269835191919158852305850666351630645820137801028134598330642435157245574395598366046860417332503328655512516578084470055504231157849997636742832595894157213378375548051160817015418378201689662998675892698661201467130692803246533213650719237207,0.0000000000000031915449891060948650273070501194890762432928747238081471850958921797754930960736505022497416039335224936313576195311686961208781295127207943063579060761130767553074258954970567882216075946401018934634391288121919793681382802686454813333426555826490784116674389387201824531821,0.00000000000000003489985553631030747602331936651611491230945784114536409309267259839349735524117353491225534008945363825228998302000652070347141507126961367708702152252235593349166175658281955332022052100326845405889341248351843317624493049718021295280722684175278282258645050377086377331121,0.0000000000000000000014277454422551946440081611187493905970683224582113853354887192329949487864326027166191201120149819922532281309727750395738445159641145679592528659314868471694199121811555335333925088162425297568226295029387135689656627467515331801915756706243442449434440427953042138755792664,0.0000000061351389112474696190580231760246827332275692886227310653223123250595334702990401671458224522662554241562556292396495657909016556444850667961532611429032104600918644334094347808608954691043588302954211342001244136878661910937172268680016997435712275652124355488220333196686195,0.00000022569840027785520672551192225361374037963752271582600452589237524494187087593585816169361095660180380390269656054171544020166912038709534760955250200578797088830638978091527970985991047558175734199325137119940991169194624329412885773763266161975847559441337789023217002340393,0.00000000000032172263480511217992592428657234400277575363902227705447729799802220420795582595866252833020143561819087365418795793471752863970473266075939394582830207072428075266767624181993080372591814580142070699021413671816486312337070353228673645081848373599233292219438883604010173738,0.000000000021026430760667697105484846248671843727288296148971830911181062046047068339263440807500802657988294987727575291876802646228108960960172125919786233392272187135818384215936208100481035554859844967225770530050479866071771165373882298163020709923719983507326159874206256255836161,0.00000000000002391590590134346832050490535970788123924486429088459879478408795460384081621251734920724328139512442384924466494601937417475263063186748008250974310505483205779948619800372232633909121510570609587763547194564260541727775653549847620755882474486693631171774697531157561370775,0.000000000000014510341357053159431924426921949865010521067255541231473294102948651288533796804110681347015678271389411899098001833647704574610008804215368276397796646094679098376154608671660497599956919124627641004961855951748520711943074924997313267414381380019483551650540860053995542359,0.83803195033326522184634834773953850838015709574451621028229612231099517853344075650920821299385957309204689910715164785040170992621358602108788236226918254781830401016788688740528283061600173987515527472571505358344502600215955213409662065116746142968099238169688822701369984,0.13986482130893934708271116711535114090165383376888259778827147119821801192868611655250226255195557194051476261881416625404717360651389358009604522379907909807764379412806109395001093346190874642974488498077944753419567326417595358402304802564502901963217767999316987193112772,0.022102995967188551556068392571897567895971405604698839687124172870677578784723629232444577837168202533711127539055662586820437495749535542233236102762758881906313767753661697866900733602510960215984905271358957699534801681247592878290779264986358840097547496787921525385613564,0.000000000000000079246635918720439086354657601327636691360802980107309711493153967807631683206146126454182302082389472060596333000516719225570318276296281167912000068328873215429828085051436320560773466235212869904405370056246241253870386387143611566356980204318900115181374264102116713373959,0.000098182127179116470747025163177585654649426553260329238615154975559017375738862995981057999818150189554328071171022121189034128323305706075751554850781390862795397468648681755015691311902400523458026379070865469293481833155021690829215114020416654026078266341358553899328071706
-2.45,1.2000000000000004,0.99998465748492439071679009487363634617341787790084364412981339905724589399628259634051821579312763782691412604571953297159008821695130039373876237328845337091133359308932354691316709635648683785997661689737293696520071349184358144057908876187669190065325984056712780885959183,0.000000000000000000000000000000041319177315982184869590039469785221116809360692782571545389656613936017819331842730413048478121989397096608278413451891833601568121278569727614952961742088042111811677747333969572299223682967750044866013763952706080814167661743635616305888599553127138773806675056452347475927,0.00000000000000000000000000090414781149159189635832478814325393559455088621323356632923041340107692694195746470580536394075053128510480122290580010274313051604815276043956257137397418700044055142188670326179337383714621206774758487589596818815394812248843289184502369891298340762534645471132482708093525,0.00000000000000000000000000000000002037389080140324183449154577588843244008421545661591895613354294174105772226324179121357020324251818365799717355012730085467351890223778887006218090502315971577127748036992565333962301552702081759848610842648943263837025374965521159686605024032486662642059069598052949109617,0.0000000000000000000000000000028386853381686039643977570401376306475079553640728600055277025291425499366969788211897631545607947893547553048382008974281986889330879135987947065765782352259658097677383933165015303568203376742449857818023277363257010371815573013207352724365159105158679364419851620427706516,0.000000000000000000000000000000028798459675160556989980194527296377949918515820411061741206899952031015468489763204532739461393423301188441238039958627164569786416766949606518285970255579617522847716627823309712082650771651066802466953394155021249187518299811213960099612198076347647250288721011413587146418,0.000000000000000000000000000000000049195309580503384125312309571257475985201995172983318343617600692406394727107835871462546246639321068766577889463861267294842781935231059796975614310998877341451012716564960474404255501987823742521011278072361901392655482387404030164010252735064816207904300375177012114850577,0.00000000000000000000000000000000000000031446983573519270614786181121061686074263131081015291909644545685324725057072379725599176855345243049712591489071441798527171804348538276013041362361274806802995230515499463271161529302500075055031770731603410158085524896135529635346893972133933511195005210890402679198141042,0.00000000000000000000000000021109813266609271274557995334390714534518040045024795484608092447514366450837224760604537307057521705451123296360027416223561906372475165345002853497007173317718513933899520796369999879739607404120499672225267027398393783358854837018115109148381339796241393031560240332875638,0.0000000000000018022073705747925764324538464457822250241046964048240467476182877482586946073304791597491220664191912584467106482679348848629491793200596949502568445994635527901583666156569358607634852269336035702200855519026243477746479618078705777164231024779870932070414799956980531972661,0.000000000000000000000000000000011072303226150373584920298122058313771093772673625857684773573407433235042890030687421469891339237593908432891898315112966499768861982125140221820487160510423564056272496910416029742702956256494317916318870514407013885830394757652801142646721870694251763716663670115296574346,0.000000000000000000000000000000017667625987735113894403712376646429550504765698998528434891727612090831535809553523089651002148115238803221606437564554057648152887947785509672451703138483425706038519014481234779831578825631165371219039898414384978058640859394778139311519372968241311007932575423868964799342,0.000000000000000000000029839480602692544196056710694776925930968522917913263138366804777776737968754830565471184097275350379156247961185351331717984847434354058723942111517226024259293421040936182683949532072214468950009707134377529669131061474919849627484297150180727250353503734216480107941324746,0.0000000000000000000000028288517972326380201362084713077490026727282669407107555125813630724996147380271831491880946958751211263357253492615024226337979182410034079712474114909626248712782375383282148823933975873779785619329008597490414908958499995416581408042003405742644210712452887687461202215039,0.00000000000000000000070416302380509673889205990098444439654721092701574748247141848359322413005688986397813852618140999182500326080887855923378034080461691224990479851082256621326778655145158704053148991937698432895035862097231131510480957593779000309637200183414925432661010489214965520452073718,0.0000000000042605847019519992575727335381672687050814061782163537538032972211359308320268009498246064344903335627628887113995075264517848582757622595969370506757342414451360348842698226369558957918775638689703801298488052955313626374258585534320594584255109330412399186237284755965777878,0.99999999999573761308994059106143847508902405563677582234359907332740040986978528215329934563436947911907908811415280267995703160505445521788604812543327336828159150975672022396548999152332285807771393699989355902558942062102471375830744461661002716730804492676812666853874495,0.0000000000000000000000000024140237803662808840157646730202096090298023332450322807759524177844976598843828440606853253965155392111689708383898359539878719679899400790341357775620495372213051132423666100217195851244882988222683625174787060476743491914389989023708456702246847973308547013289130591883925,0.0000153425150756092832099051263636538265821220991563558701866009427541060037174036594817842068723621730858739542804670284099117830486996062612376267115466290886664069106764530868329036435131621400233831026270630347992865081564185594209112381233080993467401594328721911404081699
-2.45,1.2000000000000004,0.020702902807495611728735900225529262863105005784059040467974444695462155449634064782579290028848368446184112628602364342907663081560003955689809333138587540769141220166025109090910310289351982733617325025887043828096265529862711993404787373616145694994144925150327493695016095,0.000000082193083523240236956409828560279050797272970661529264114574875025940861387229823205320270628948595218085469398100607478703034173749978748430775300621452832607756047832103757456800339711295911298115661897355188060544596413905719083588612763022564968540066105048159524876787842,0.0000000000000000000000000000000000064554522079693636670607592403009890008133576348862550593134731994390876077276999968988000378870013052690374069030076388147614191391586633654034167013916820824026043681533745396710425105138815708487021374677952697680498446559496627691092495520950974492155323472381930808557198,0.00000000000000000000000000000000000044857759048591846848209433468922474454028167307133904183563811246996388069091159500651696446512350227037955260456527922095840821849700573221896173848857922603985847338750657232382865996089252730813815690057830912164092986558062994353177088220459032371426938553881775934074135,0.000000000000000000000000000000062500120451007456069633640790055347072876758509009435034200589743224531153978970889000165253531399563808820663565684627996533784751277281212833644635431680437542169025309678335984396476318741189588869444155466054851817674489043030338044242315303727716522867637323204554097804,0.00000000000000000000000000000000063392298134717755493753159493978622573685507773793920804463716222757477336980868547774955937772290597718042570994705723053157330170662506874500098138486583640582218370189371430507089926023314181198368588126342981311097238744350852797712048113853255341247725748448303464628718,0.000000000000000000000000000003339391209096779609623008840484941095106343208156758044409013873678951791700781535466666714257712289575291784586252177379425335165077616980976310238400742527348566752743004244790782094433146278552110452469989076494664585089654060567156044057731325629007617260215225687218875,0.000000000000000000000000000065811622436496654741159337896147530731240406361296401844578882561949372293129664326816977910200229196734236675649950990481312081271458200384112061107147846216792453812889025123650409292747245553220210688870313240481628776036833872208326152591229181097380048638506919836312016,0.00000000013623363986474333881584537979855673537882422066894887099845307012704724905094017958954631418540835773089622667159902564320961152296064963100525935780985243499478666718184918870457978048331202829760900559323135630858145922980215199076550240412213043931258574330295744639620167,0.000000000000000000000012870290783808248572972289869327586444566611588170969941807461077671703535936911407522432891498599874178356434513033742035403848575249984027463172794721142622414380352664238229050626631643600167563095116481471644980039704184594060598803428919944235649939894719903337691739104,0.000000000000000000000000000000000000000079054246883197322304378169257064375603178000901544459969788279544415706905006236882345408444238388638676652460007928764611849353398835788866845762996752282424267888445332030911285344465537108794653801811309266467385855338582275382795027032043312035243718583894669617989444439,0.10835321614191748128146624411135167889561533514960727267175942216430041206544160962408394953727582255121826595821070860424240360389606657152509774434544551142323225226165190660775802541267853401816366696725960124232801058631931589349764936385663983820779361875344388171243417,0.00000000000000000000000065698409992386759368504109708205564919325773801452727874155982377080808536579729281284663213686351361810986618956153278104537201446505646942986428319714694346260628795350208125683458962743302869677024015303803808911897781063350064662901310512952376919475929471824270060531509,0.00000000000000000019202324172912795028927861191130784033985249262461083584371711445355044057578797625537634950689509133824506473494460280809008392550900661879140837372412711662559904819595066064339128479642306031517543035212035237109092750739597484124778946427579032448059938590466846267388363,0.00000000000000004778817605101676417097556157608341752340304579593985102573240272695815766942150934900196776833417939988257622989076587374152356755877978486958224640779393925233158921585888350453806174963518918097600219236538077645189356222494720708456353673778480009861450409776330610378107,0.89164670152876530763258948960570273679882760885208317339123656753056167121236586805918146445896425437412896741675321779905570065279305892411034284865746613785292077604282671296943920114926922449047172552616223491063355693440233941529053741060218664931570865815399554602057297,0.00000000000000000000075115096728163625380244585838668410626475834703447626925081683255558969253326810822430549259832008609271488152366376957718533413548300272520238904261049738409960616053233893695726216668364959842937196205377444465960936139310134630386397898237310923015404024004559011669929792,0.0000000000000000000000000000000000000000055904758639634733587978318711243994102855490802716208762074870267334280992813727233870541838859275783931179927737190427798570664942131039316897974525985716925266639721740954773344558455765182581221770987831401814383340456579686842614654698401942338527314877030949349363065801,0.9792970971925043882712640997744707371368949942159409595320255553045378445503659352174207099711516315538158873713976356570923369184399960443101906668614124592308587798339748909090896897106480172663826749741129561719037344701372880065952126263838543050058550748496725063049839
-2.45,1.2000000000000004,0.99998465748492439071679009487363634617341787790084364412981339905724589399628259634051821579312763782691412604571953297159008821695130039373876237328845337091133359308932354691316709635648683785997661689737293696520071349184358144057908876187669190065325984056712780885959183,0.00000000005864014237392171454609767374191848710350618669877801641733938878720083479905203977718778016301283237818601212355013785158745872922862863662211273908182898470192455575410359339716938577568954127456679222357205689021649964895979461537462218594329330202355103827845062298358149,0.00000000000000000013499658477153400580563079548585976369300372870374988738168345567378395603995310218858392811732777955336236732288266288856089282790583981441305565150370090119102827300360280309527247751710348849104236561916256129569522648540019371032912883113212960969761804322727862605179491,0.0000000000000000000000000030419867655933456606471052784899250014214355737060870392614979386115847931664371042459358066115580104352878027044815300882517716590748692532388275100234594422894878917868835312969405622128367007379195933942497948955656710945571625479721294835517903137450116365229695012227738,0.0000000040295538843402854519558929404549105770550610216439358626941206214032959183992292734554931784024369444624533360709741282310726434815123925316045755539746654000239214920195987041205056534022265488522376449953588035761695707008506591640882748575754372730023773853349752220515403,0.000000000040870750222992860676422433758519858271898387927995257561007296272850282662506024960419587953858466098238675597460647260923247554496912428316741805087379899302744181219715025778487793352144975755383329269663533591817473965470646468544421925558133500017590162141733309957765222,0.000000000000069833435973334298460637385576740665818217323985103269728423419084998461709577851935562269955885021764760662773839892810695816303699906687783703427002490775240862746136634631191633610296636326427630744737494291478090542681258784849841208319407657325294133029346010235671046425,0.00000000000000000044639436821557834216137544032831368259449560877859662551160439265210400143123077769982500436703980981317536851216672972652863965625658506839870042301777394724575859791662782606635845199096327345722526917616389455417342868145614630772902054630219442521961256000634446241340373,0.00000029965677739062951295522169516957579427298724536305673319302684701486452715907732957476920809868511179930361160122118579041976527563824491969283031938733523729059238165113928174385932436497007000101632118261629570658391364014615288230239412113540756624817969511200191121179253,0.00000026908414419133488508326165736256932044250115084928762895452376626379562662960952916120006422458994259061257764597017895684283393140633935618499511656379884753281940447148449994321327111020835941607112380243871160642823920193716727532588255945474106342493205484533728623777722,0.000000000015717290632258787324122558040762185043825362099162336564337423562395638890666231286432900051171031975407500111629571451479927911373012541245436609133067332320386927825968227330912488749211211367842263496164080177008566709196949550900989758940689124885032627650407407247653344,0.000000000025073880232587536855168246617663757044212231580615390897659827520755065314860769693793908247952430646916243492146573178856127112087052311616873570892044364705910929433768189869198328767193073820980416807889080206467195324888334309933481810223747444953464639913524391566925409,0.0000000000000044552759200671792932605730765880817370756054671391651372703392840894422178412771446891060599166541008824539887586354814817361591993113348121905156233159961694119001948154459527422053671282651107184830094274616049951743919417042559790498263138064501199009918828075240980993743,0.00000000000000042237046487035983896763448079896799540495412033342783759599431234187907566223116556235669701055503329409153538183827718166266615239970219335945304515387969191020714256166358118130996094666731956433178397972047495374068461778861666987237912521131182503583861525006838733706925,0.99934758271216328399486973079414540912910017086124856648833200975164012136602376283276841290519085021864490950344707537591522411272115170925701384835679306542735527948283055565169810867181722610320345537918404443078702566197036031257173859211067238613688553325054506359703072,0.00063613977336792209119796113834926664298545952421887916007880163751684611668629063776524189741120760796434364664626779042148068969782753571685274217974033094645280229063814597403373316698535907004219865985217527544064965289838983996540989639038912884060618740609080555725002769,0.000015704603616552123305405265479888209105270171051659344779336921147349226910014153126924653827898773858472960578259023228194175618839667619799369177581947486358414657627906447733471923006179405497131944789104671273254168653893733595983306311543013085335606099503559282266441939,0.0000000000000000003604332850942770721064334952597520700509639252381324707316720862527773679579558785184873294507350500369155691485370147194239455229157226315544664106908246397358789337188780321222232737938540060542089660558411189793040581279244231004070837547564021725762994172972899021090028,0.0000153425150756092832099051263636538265821220991563558701866009427541060037174036594817842068723621730858739542804670284099117830486996062612376267115466290886664069106764530868329036435131621400233831026270630347992865081564185594209112381233080993467401594328721911404081699
-2.45,1.2000000000000004,0.99777160621362992580373233800960406265273974727957949458617816529034343792637926245304029863181086627244785154268744014715229302317992568179165602690264286824194357525216523043957392166297183956993215218273129520252551824517461341491886451778577294909081419393228743430613947,0.000000000000000044719622436006323439517407944122406460660945544871495030570477501784392391645095941107519078222980986130776498726727905746194232968707106848349575226912248534147940108185767785730072678627126144076052111685053558574797754057770514416742719889735199510261961891750097037700982,0.000000000000000000000014982597298452692414317695856646256346765827989250739430232534138681988095331501290972929156887960461333256774951047631742924999437586854723951437854597431722894875437076176585668663417117003845386061519645159830721745613911709353222747952794019584131395120098047242294407426,0.000000000000000000000000000049134083378090185523796467424510653963632579430983691667621112639004732568802925008411498587071278321312048842166583419651906568364359843276475999311793673938310827486206826726712271676557147467976670930450362358110302121373305665955594571908203059391211949914560621084611483,0.0000000000000030723006793367335290279620951263695319617571464390405905578850154319186564391276929355240701131348005258080018188779678913539901356822685411126736236394903758718257926568704412604541999039349653430886504978005112829601230554369009216861230186447772761841238391756486742338057,0.000000000000000000000000069450942514252129930532333129753683969394160157102045692219472555666879744075461054195885409945054905004605809176289160708938593106670145811174206386335536488045433928172226254534932610551300572595538807013532937398969503841452291094172006195662057344780991533498442914383057,0.000000000000000000000000017269913334083039020384218189277396947065240971774457188648903069764803515889734385080938276225713511115936917060122366557380517709290113887962384409366769628853760528908706507290416901637383318237717285568355870508610037243837293568649268231144161671809388969690661843004155,0.000000000000000000000000000016065959473340269956198739338024399117310790069328160323980458806220876371357510444033554514605537263724132243245246695997155112608497052360398947543734365642241718264938982108968077066226081974325861588186665321858074254798391465288543179189062862066008751835935046322635016,0.0000000000000015698915102231725966408507169578711029451835080373820415374730735292028782846384543800634270743415712070228299088870128863295792698317170240553757077213834632213425659677202131343481059713736776859372110485186555504009367423822227715557321526611710127822105558746087237879656,0.000000000029864306409236309310240591829021298278944971628719302012964632307449462252402984948483780391557502282171243543718771175614580476829952408521135237189697130938517417504057701286541424702600972020743232417435999786837226459984817490522063032620305378657771630943872095540220383,0.000000000000000000082324074537454820369507289404107274272707375375983003614897072673160037440792600106666452455613731625049835293491703978041807821854870127203100139741544140806562126456206967110929708217685197055901236016951995075877319814070921604637857559611732275187322108473885394908778158,0.0000000000000027828248460527589190221387317390663262239801745443596748035288669006764427336306988271920294381004229209113357751135482384495831347357346601959699137858029720295495293864462421645011789882532595727708010687938858957240622163610398340671739231560680990128759645136527827881615,0.000000000000000071961489446611643413913836585171239168905024628298722414557196613815235094832181422955975480824898605175466390479099106061071343668973693232053822124385114552860106085951267672838478342438190661676295601599547424172382559222631133111965032541019378812365158307043796765874986,0.00000000000000099306266775753925008662296058372162212669412052678934391187867844793896813607728289420476033991771714070951112737586470588071073117535502823320373539041956091027858559161284137967064876962634222873893352502938657843622955245548559625295345070988474796525771929186858728411592,0.00011091260136912551749947433962983290604911284937330160963378657493555964735467961306592403196447962512985342904991834116229588755939165867353665087042744042322337652399543844655783511985019016779449870525131064509591152915624496375894755640508844540638640849754798910661139857,0.21766914780320848012358355018602624259377801946095330707678831083672992042837115244536271003096488169003924437448646466795300110883181074366596274193254799590083522940132989243701609106327730073243641900168233921898261747342204557303645786977491097222681950083250882715434876,0.78221993956554942977638831716585463257192993330207076453202051645524326586175629196062280430135165209173036410537844869270233789827128226680101615133558659613589437848410480606588472277913197833660428867770531114404731670389063494468467352401355348792440268914302100167164162,0.00000000000000012333013795225517790484495168628991832164924825263394161313061795032469658043003200464044821115248318013858567421365663868540377585576176884173303131030545284474584467515303466239828521979892399529528055872562329245376934649600086219567942631858349781135338863409611314515613,0.0022283937863700741962676619903959373472602527204205054138218347096565620736207375469597013681891337275521484573125598528477069768200743182083439730973571317580564247478347695604260783370281604300678478172687047974744817548253865850811354822142270509091858060677125656938605252
-2.45,1.2000000000000004,0.99994430147048954420486146591187767093659164960036940662302701487319090277390112270298273393361389293930046812533530105659015277375960483066918189597939316425403757325072221750262826543729297362951674859893231680157700054100254073729324725055438898153593278124818672807913513,0.000000000000000094597291262624818358044062938801238235024281664727647125263460810878079555477598874826091160048011630035210323431891141394535115721828743314677847059524821553655264260297607266363830071317653601171598043126705583020185179039704220610632039578813410772616903318354466396070154,0.0000000000000000000062509501933129747715094736933218044103239709411622879120205737573625307511310423485569851251931381935205748012071271129105686134204835169405792463714295207248154310040047327455109735608942112071597220636762881476401738147747161911392699816827997296322528439627972117829021769,0.00000000000000000000000000051138180898733841995625111815104208495018868440061097262200061794826436185432140385665348418710103431241375249936248855640034249694151695178530438810292799677798262954626701715673773497685333697039976582069896266342236306830009296468597214043684814535314890673665974097969396,0.0000000000000000374264145499921473375655385393391326168708473434574465347551679015814929844282383267779980409653705146353500589077448529718319749368821584725208264786409688286304269882893035815784574800120823209045981334871625535352757518385931927380815717646208727520052012212583343675185,0.00000000000000000037960669709851616382352605959808357256562443334984467718050655508971747184613711572008588080099152834814041102694458511418041164362438341344663122227643693862010323217176950979933956002193876862665954074725879573812189307478750811095882770316505717674184178187068750677577263,0.0000000000000000000023542522923216565599472215167068369447934667578559311766756402551203396118325371953552604831341269060930265384217286917298391642172751504609174158831707154338663838995491265202678356532759404264624226169875424676371074941535598212628968850443228957755333503414501403699098407,0.000000000000000000000000054635257689915007812606201438576589758136532202002602210980258768305256596527992653672710128314463080615117268888816895329474397741481483133570491345510671977722624333210280260606152366288686259649888465964507425310721411153630548012424699697575199312711763260594887010541075,0.00000000000013315058887778700487303822183744219407685735090023854334975214309903828338807098164473107517872804390966039525262906613494095049708870381775869080606219387580691664824195606336041374477902074745779370508672848361330578148251784919241253411392327048603864834866992854845592034,0.000000012459808416612311763332203111390567768709062165864504510011715438003841934671546346157418187788045585885484576868132132851125251891648218499127684347002973073250730652919756146271629169756247419022790093706623236795347115572553906821220581909329349721621370674678234821992821,0.000000000000000000040210015641134764847406072926814213263269648493992508092561341208616315749472437526161550888738645491432124064129727063078005787343375036223057251989295757403269340307859395429658802300837744539488962553657087549128103583289222478849018498967192577996654210623696346043001955,0.00000000000000014684864032350921068836188356620535303966662331634424057450948803872644926981833865123366051592759748139966032475727225568979285875602918955717312610131186514552858750604607767121834317744281734651403354902190095542643271136670572137465710917590372439650555514018299905765426,0.00000000000000074896678884705263188739492030274493182491944533668638686067428711502261453033451148632206730464523106838754374157899273459404426149507360694193457837386823669339816060935769919747266483020932892718833565057330416700688770113644001933644449758089551489664374941226914871595027,0.00000000000000025772101405511712225660946484893341071315611789090714551405171208082442316659456993788140506670403782399305449321183845920050367449593782096866908442640480023566912071324156292864096703984874306351340214608063422594234225898065631344976666029968387669623387730302769008491531,0.000000033697875409209621551481694668813089351171429491164679206326011275843798678806842881923643352939991691594074760683659707118230466993555850046527573033312678710354586015885194179568757042624971891163832760451950651491866538131570391677874516324004917045995475169155955662721612,0.0014092029302422165052494595314936790526237355406711095557816238162756860832804111159337495731011322950445282867849610627853200745530869710748166297749745613051600927026624294714742862837111555689023848901021077989952059403511668230864467459884931689853749659618020712601550919,0.99859075091193952109077133529355446026479987573362953210943786651887268071456054169081432064924592401909575562346026045306499164881622778577365188914639805608550089781062441619554971293232324985032491568448607327358486393199727345680246828566191616685192106901751513707316086,0.0000000000000000000045970946883254553764765703296854304057376400313322671923261544853390798495953036689478874486162106455360259951663921866642797313738347010179773703787684462025692797641785959291873203608691457064815464652491696156470003168138315629919814810303545673202075925041550233770891796,0.000055698529510455795138534088122329063408350399630593376972985126809097226098877297017266066386107060699531874664698943409847226240395169330818104020606835745962426749277782497371734562707026370483251401067683198422999458997459262706752749445611018464067218751813271920864874906
-2.45,1.2000000000000004,0.99994430147048954420486146591187767093659164960036940662302701487319090277390112270298273393361389293930046812533530105659015277375960483066918189597939316425403757325072221750262826543729297362951674859893231680157700054100254073729324725055438898153593278124818672807913513,0.00000000000000000000000000034333005593529554372808348586541608061126737625544115283037463925803142032747814082262676608121504776245266079409367152279521018659894387824369081884259373419233644813308255083344862141767215155821051942334969956757819474612538573513643063131901977388230650274286449335033074,0.000000000000000000000000011914407974071441846012874853506047747653539635529967951085663885121117716029467590146142738856465918656222908291271108855552221890380368621725729426410284908908255711414197965366551714737642611020215134747097434820877951733526818938420460313284153953204479829724312333146032,0.00000000000000000000000000000000097470165564775886073444374812022053999668066335167152353274285294030176169701834888288360255656503015390872145100132122843429331679708869427256871049954968565635560682938308628801263531327385658366763586885879803237064214020940058206178444387651458787502376577796969763874323,0.00000000000000000000000000000000025859592629653682955930043101845231928102621935058886826994653233265428601566766109282075987815222359577424965859546684359698131237722640294814853162405206363627235721468177959050138135624423343367500069298690476814217066668593118364417471764949026380412504987700093062970732,0.0000000000000000000000000000013777391171425602634346251960291342155737710106822116801623000650469491315955540185707795987565379696416157735562598874133318563515706366785819826616044397208696809149712037836599928753910915224305637132382361870355165039492863816203402277857929008580334275690548881447680684,0.0000000000000000000000000000000085444895981703860161932813378760796785943491789609762253612663666193386030787830025420901801270936940135620798647951664199043146643484982030083017530826574094694071096910244139576150990428332810720319351580741965263246657003922345654523182030337064712228911908585932263065003,0.00000000000000000000000000000000000019829242284159378406396958518931194503051242141916703275074003024034033267469896608576653295941987576468200253072971683751467254503120048609022552200362010731254528949133754431645612237190839679890393805026062468438766200959641389785117844170468046986580019875010857935066996,0.00000000000000000000000048325484289305322441079796954561198512870005155568299668234222690831806692556160080408061357429245890138311537656260486937007216029921907521741443316769462023646249793650482321920152494932174922390342967944503659051691377428549636071525930730393913657187363910003873141118666,0.000000000000023753858010740138581430484457821658306384454631158133402233819309377228390571586922006864154845647157020826834728222173380742068935444460489853833339547069174176170688900721482122128509739385506527322852112839453517426324451859930030392725765340645620515111066266667801814051,0.00000000000000000000000000000000000027782907783560760198257927415424745535307102762985390733524335655486387012343046249068038466388678673354692828539807393974104036683688984801364228880906342113312346501350389649989924539102452266669486603115349895324615131239955465813892757844869465337662508393171069819409585,0.00000000000000000000000000053297035489442579652071993102006348570783877752910197725451570061661288581032799496499563789556041656048904306927754159966304094511953006232019867614043241756260870191534326304155170718838136991820395468819294237903411650743578514725653747969888336166331954996916854381570128,0.0000000000000000000014278590939899877287049650767699957469199817575114689464503584791052277988490279194392442277626750389511602720721237476954461762233851768664401077753617856010902083142378980118172078609843966979541680152711009609199499997832629679636347312527181517011912657197828097071211996,0.00000000000000000000049132925399455406834288082367395547795568302691717802707572578754613736760893056942898075899825793970153415351998005233699236603398152643826440623610090023624386148934948004396585611801003140385948913151717950621423094987169154054815251122406122251805701790925802422808853757,0.00000000000000000000000023283377289667962280336893329557778240394862389856949152827386738815212041264670018315574925367534437222908079377722829682590695948346508583973443033369504249284493703520620754619682061300360170091437705541015052875517225349075703295992975728733073433220543508337479762617344,0.0000000026865586688044445478333572102261605868153232847966920182050772946812485968923715443179651079204799174242012821493716461379914112564323663442927414537243385847972380523600631346844889934374420285299468122883397502652947073652334641280956166459257602567998292438372466912629576,0.99999999731341757733562479479934844084816709007390070868747570951924757666919784002615664547009049639172728536063962767724513253170631092099311488987301950813210295081232168835233246703707478640199416158803438530974183060298212515714681315186914856028288517976011201148456905,0.000000000000000000000000000000016684629712079501102060986935594424851960839391485833980947885832841737744465125400439597105124687279969269161491509631175107025933712511348428712140180990018915406902768499838971487343420194310453316925133682524992150150811493132525897722678231701165167349323792261488322935,0.000055698529510455795138534088122329063408350399630593376972985126809097226098877297017266066386107060699531874664698943409847226240395169330818104020606835745962426749277782497371734562707026370483251401067683198422999458997459262706752749445611018464067218751813271920864874906
-2.45,1.2000000000000004,0.99994430147048954420486146591187767093659164960036940662302701487319090277390112270298273393361389293930046812533530105659015277375960483066918189597939316425403757325072221750262826543729297362951674859893231680157700054100254073729324725055438898153593278124818672807913513,0.0000000000020097541404763554265048831133390934697183481329012953317664285541802991303090946059148032337294514467860906915127450518289988488865172553925835668711889892237539698202650395823415728996601366963639403470802203347876728759290199961553152921775608861919563693577571673247600071,0.00000000000000000076445421253908014838233619582895573528001260529991257953449859086531208798775155097766812643925576977769210147224038601228292213004107176247509237862086566889487318088152269320173066154062865962080931323986005952084610664960394836646343848194007711862793638969343294015268438,0.00000000000000000000000006253896863782821018557517166115280557410239566181491268584681751288404806188007700235986172436495896983794675102944066267894222245968904622039371903353183110085098834462298516397049287608156815752791636255944503771970893133326311548608448808221542679277992227418438248629032,0.00000000013810356311356764041197736306552012569439725948858273912406902331132741702148679934530346176246876532885381896641455643487013562816165828877858994113531922035198642084777726358932202936834400583973865762743346612862219498495939827041767490125112685510256787758327155309992824,0.0000000000000080648834767187783427081788564978280247620083057308547218932056738577027166269452559917688087022301772730588493250549733485180187904390322726257591104515753185810563732065268408497044688902412613442628054390747486717222447783372829170616937542236740353198484445929667517598398,0.000000000000000050016953224207097880751074233357625970335307928694657997124111288097431619047047450740589087839269848343848582517674285198593788738621934275365465591956283002160330852505022550628766826515815156807314277212200466567860030724331396831237794394801052422676998075967857683301357,0.000000000000000000001160746083663839753049317065757663413861038944477854876349594260622712212486029312597001470868116349366678402532282124778163895866480227994801946564276670066382154383908135732470137061050323107693857996514830606022220353467678910893645818726611534521652637543031265008607652,0.0000000028288330853055360479873736022898047876437472834977455805646581269446463736259756757806591969039338528904586630111376545222210821129694564941199944499395479811875808149676682152191085916069494235544279503060803835846718064151828184145780993127663331764447230212506761600038493,0.0000015240989615164378848765568956225727975644562178239461902644821703093651794699328651813625445836543273417937073644638999459975238200181680475227022280011325317930475017388890768100693723713256167576927115298590000867591440816409292094506931142411198781548917194227357502295893,0.00000000000014837505808832981371257668661712810502609334715869691454675846209810632475398848711137504294109840428952678884583429400616095173233351093235567242302829181176709404517144438896851124051521980202700385701289807959394405951957460887655492631665312854503584758290212513028532325,0.0000000000031198532111680115587588594832351083352692750523570537374780533827580218046552077307038398572631051450395907036877805997642047398366378079397957117154762969336586735641457536447109052647106673592815256076519895691130538939430211850341584232903398092769645632960273661844488432,0.000000000000091614531052513100487455580337966057129774093065416023403397202342453820659710145701193879216249078108883360117811468197632940697666732034270747886674447602008125418665060534136148256161670301652881486828277375056394500160476997833132612149263039601428350085808256302012402725,0.000000000000031524748756061720495537626834620339045027165260394074893562064447762458927402834186983150207513484564543192110822055922709077482575815631333788130931545876067496640713493783156452854827582371387147951730195533360913135091579306853733900284580185586232222729267197406821976545,0.12434524437687245475959570908685999452442274525878943636393020584775660875158388321157884541909022524461663257455005319385764623723996750418831954166162327561226330684649529972258323772032478283142373180600507809034560866127088065675824257809316417738980761588365114500342245,0.17237542109271267907221263349384603873902109607916401305381164253352582132130855848272305947903368904609906071883516375934757809697199240037874026688550401117635358751471190045823860670906160229857600326526797127045610936174679179042216550461296497740436795790347259600546019,0.70327780745910736628865450812110764180330518903316315093218447562826016284324482533604233826875940776317916702082610135030178232862216193638856088091506643226896226972694223214037138821201889533910902949216908066687470216372214621452947941317391011986023338300550410862078009,0.000000000000000097666962348574827209621238145872796722736519357841305761241336812077122137464402155782277841774547468624050185627464080957995158000502673050424205680767063277775533191399195562823684092489718873049315017397669728856156840489283304612438107402340479997858418722399677220171102,0.000055698529510455795138534088122329063408350399630593376972985126809097226098877297017266066386107060699531874664698943409847226240395169330818104020606835745962426749277782497371734562707026370483251401067683198422999458997459262706752749445611018464067218751813271920864874906
-2.45,1.2000000000000004,0.99994430147048954420486146591187767093659164960036940662302701487319090277390112270298273393361389293930046812533530105659015277375960483066918189597939316425403757325072221750262826543729297362951674859893231680157700054100254073729324725055438898153593278124818672807913513,0.00000000000000021723201902481811072108266804008902475502993123690457230093745550543492784705018913154192381218201021165397713038332789851883206548808303174223936498448747884105744515656831994940368553418185121133398644383207064020150969784300390013603944031635985803885033058297730049830298,0.0000000000000000000094691451913296551274824303278330442531622165628239839897451274454270731206014635207737127874187135584851049613240049757679076312631782309177305812322711354362851298844153499113449484999816476071935322379101420239465058454148158741345514152864405531902088628885100141443910441,0.00000000000000000000000000077465800362416475951753477328732535540223793579758004574044706234265670069837348724115659958779770559774509203562363488411662713598472379784125793805316923760203324185648281315965458948062898319881225996194631946418211374128221276704274628480181145239041912029604953838957891,0.000000000000000085945543355815451289987228927578756641945328301631309439972337040524225025389110053975257416919872941464265049117474503010101256678375741167930719053951115020260434398476009586829787131361380428321747097289970127908350773779015715397991799753647451331216954612408397177891743,0.00000000000000000087172400124139782952352523875013222219995248330686865482234071847819397307579325605207203084465478561944706269480182756020628127828337583476281315210871336444039915040415814664703067427269686195013700532062912445549634961056257878393676243562250530309912676258121050501635581,0.0000000000000000000054062750838712479854422789790719185412910086623222552870969108576203228815104537315591225095579288382326270316192043860635557476862169072639470836654314473449184234670079507868722635141717421603691814366487847299103535406513200424366799746408630670035162893599269526098445192,0.00000000000000000000000012546371232736027206263278704704624287071464201685310738927141802688654337123195609904087438296198392250690006013253882629596380679812800061425137224996295995625325639063310730921952345081136639883294520564312240626245863765845425137323562428981630137117581342363899645413645,0.0000000000003057653223490684819105719574953082169265572743465249076888081236972125566611883115146405489920194678766348013103498687516162534216726931320843072386619012069918379173711294975393861839997644189336897864394866666940721600392890274536566464928036211574365476779543485693640522,0.000000018874528080429705171354773445798018660409590509896689113492777576191978499799320737866306172372784535131626082512051966735335458885233708035512479251033758988631223281006502921451566387131543255225779873104892735205648184344030726517427941256333010970811982801305874384101998,0.000000000000000000092337769571995817168143954549682467026611589555910145249406807655255577329330792171858720673997787102417346529791794467530512278732338755431009335265173300099899672603852140010918266019107892551564279039607975704147708483107989841133797830114569456594805673552826456866708135,0.00000000000000033722135383308733461352779163662892902917979376019192462785937886280659495110788254042988411870447162632660540809763233965429847409006611143810206551300638958915478957845338440593216373784819951421203277192727198685120265666986784145402000806046893328916018591761088735418654,0.0000000000000011345595545879584788201565381896683879378850452670193416315190631404795741850239637729215548502733096086370550299851100294818766304321477114066648117156222152321537989316275330184609942379855418077815309494932781557517364174914471409399339122202108972123350368845645520469538,0.00000000000000039040427862555328330417557559419116268257016790458766799937267144799869253137906181858523445905610878143904706998115833123496767467832153411403892273904502141361983966032475935193437653664510347527192225734274099936689212481932647183480075289360161418135934641939284607865167,0.000000077383373395614357722423725340456897032118920536923243259448864219067071731430267969402438764078818409394358360216311381087705978581482930263114146755818762531577251909762865723876339442503825071211573607570734107548574268652669376878613486523196284743189818824304528249249696,0.002134707002590675484703205042011752942032471336996612580837408378888039822453108945398236038577342481126409094263982264213695178066219331186237879430868507850821684136550615997028723442265427817526666384738540344603650306476082687253667717126903356186917226778202410862094781,0.99786519673919991680023425772564268061495719774805410994013956570353229284133137025427915698740136993167406920469842829621451382597088630212197149282464718012679067909252185098560257940892425588914627160172440796631872514242382741525079707698790574921547045907985878847026886,0.0000000000000000000069638304123125785117662172562091544198921335286280722932850803216961358071183557261567274737431447205846364172847551887466601529461004664670956448790209727466896266586355680671955184500372597445323951782981621424948289733515807644113439387511976199516545443148156411941211061,0.000055698529510455795138534088122329063408350399630593376972985126809097226098877297017266066386107060699531874664698943409847226240395169330818104020606835745962426749277782497371734562707026370483251401067683198422999458997459262706752749445611018464067218751813271920864874906
-2.45,1.2000000000000004,0.99994430147048954420486146591187767093659164960036940662302701487319090277390112270298273393361389293930046812533530105659015277375960483066918189597939316425403757325072221750262826543729297362951674859893231680157700054100254073729324725055438898153593278124818672807913513,0.00000000000000000000000000034333005593529342932627011893567063008004823976365415976243529191802118396530357152727542435569923872519111445392252946050877027751129066579490144999149505335067921494119869656259224321459915008856247854603808304296744182643812472045083875812906010857193705130403953299458605,0.000000000000000000000000011914407974071383146006014598324701919318636277681420094587552397901477427201553137042601629137850646420732066610200381151658103704941149243848977080298360106172733662891551288217658139374065085900577622690635429343581402831665052098548378504988382394119898659696192276523044,0.00000000000000000000000000000000097470165564775315815942448323713444617462355604868824788220569309988136193640437688901158266774532909552359892425249697009571686515515038339463020518477455383076935326853623642716784712156837223896995279261903774044380900652620570980166256466856228260053986609249175053788179,0.00000000000000000000000000000000017058517225627959478714531318463900984037779177421036042430734374307106193448128135108880902075890562596255257882939999218303488508540743471104446673334318940819651488486317569336210408776895632622767423926282818023216196268466753819108632918845675517492587403327248558970329,0.0000000000000000000000000000013777391171425517786135695591524228222048859945968333115464012752654028342367557077374183408227048294892035220644601919011421414200728380503661675905067873115738638503968809004943546367236700327209647267413152922136975836540668452413067748608930649524088237692343523278918272,0.0000000000000000000000000000000085444895981703353681628049511613342268891585352847665374184266783295705703635806204142046538995335167706580863908962102590137885543899828577339866009456771428804271111598750890493542098113849089342972051908878893458687626354190840798722944552708547468424030686845645777108834,0.00000000000000000000000000000000000019829242284159280711516890041755180052866049994188013704277382658546778364869837378332390482397857483452832064023623237925317453919864555950350721079162524889000561035373237089499356267329460297482777330541726971253878409345842552567294331009634442682789741414351104030092376,0.00000000000000000000000048325484289305084350671487895696352469389142613655730068304664060684364687640190536603359879059396908525154213361759408147011832083471303418126902925643478855200029040623255735252479666527443897191111562174859285905765467755386080952751981506080300032535602866336404687470183,0.000000000000023753858010739904520009223802359639915884024342919619819705765072840653723709266931894320991403415268647928805236546951466502448348721460961170726748587915314129982530237751918428452923625637456212691322933713732840497559930354249471730194168692216615878645590245574742303088,0.00000000000000000000000000000000000018327249689944221635001428728813026099152469128181866667259952794947521834924854335161072345385610748229408864249078379502538677603264138459201557336903655320606278938208264826492830395977001872338143605745952477767710993732769070496879858260673585188388156394493781929328066,0.0000000000000000000000000005329703548944225142171016542395553690122360212423829303064816653211250467332089612690536840185592007090546217998839511090339399067505441790697667120776930912045617024337318785501583248757052638712179552494814013352485222540765179056977842531654345678042825740253583017794229,0.0000000000000000000014278590939899806939165983285482863864351360309666019482134179524490492722730568509386903386473605739518246807440780526185895973392979850544587874862626486798044333444509574028443365586942535551328674177401426205098039480105554730650410713007813002897836844386761560346914379,0.00000000000000000000049132925399455164765772022742274151409459730522738938068219991323647353081493560490953911880912029992273264429721310620667309383090194505155602992738361889743703941394550547278431053888879282159318343014459488576386242751924003921422522365756145331243294095915215036209915931,0.00000000000000000000000015359093171140758310620585842074324600687408339576138159842026514355689805968975805855453855284610750903263213158326884278842920934800538083664286341444318938219585722225404836611946766282305846480797675819626941043470806507588795782372968269435626219644133387866798947176906,0.0000000026865586688044180755129435668313392592030485648900862725919551713247697132991286852671249541834280875843317873903625996104387928000729583042520792279653245939223830155626825858129200130302171301861482943589490925621963670046626006234286585492499505178074387778261703560873855,0.99999999731341757733565134659667046679975654062662089270837827894656118683540335070326859437517720130827375505053924157654473840510435165103352992746249210349300987081356685320383871857484474225809345977547408417901561621230971740557347081605132174585035815237520393673565547,0.000000000000000000000000000000011006168868273616550178870880982693470022065053879154427452816155433847555437893372771497424266828236651839625350923170543887548564239487222869080878364910676359290604961417854783151312812696402815235130401191734884301894228760711148511202243620502970111718457029545947837202,0.000055698529510455795138534088122329063408350399630593376972985126809097226098877297017266066386107060699531874664698943409847226240395169330818104020606835745962426749277782497371734562707026370483251401067683198422999458997459262706752749445611018464067218751813271920864874906
-2.45,1.2000000000000004,0.99994430147048954420486146591187767093659164960036940662302701487319090277390112270298273393361389293930046812533530105659015277375960483066918189597939316425403757325072221750262826543729297362951674859893231680157700054100254073729324725055438898153593278124818672807913513,0.0000000000036938118501877208445251015672740726607284674208876468419301764412491260847534283938852012998997218764643842776411923274743610997683200371941213685171546770758614400923823378457395176048139297438116619046301817746279208816458602940493000259515477916076117615226804755133742381,0.00000000000000000092683604568173316845218600684301158668246413182542887575786035727644627562095146343320785549601668946206459008613594085715504533047393020748035665406675299208887337003022083479670296556412756339187079225036310524289299828037788954689202410795587603204712587798564726650977577,0.000000000000000000000000075823207515303531352445773899759876077586308632138466844259402405018475666889745202205398169798076834142669710311207608454577512634106974353119258744396788861185864265150112144652957684889557210223903046416460704573665897819625910185684606601078671209842412446453172370281629,0.00000000025382636000497641523708562357395211093427905791962761898476273791778280473428704396638091649192781468389582875827417546944021222670701732423044983572116267351489657419050220213456563288782277378943136428738515765498088664110083103211784586793657695175005895839311288063128094,0.000000000000014822789293831758535902195484450173697382341118147695774719963900568669349957804435724279755887908598472121015719573308862739941927676528735185273048328126258144666605883563995017553563566576555114156223681099738136433957637466973963891445393027555250546651289532363330080745,0.000000000000000091928266651596808605079997464249735076906205505911553069495220255616242859702721363198325470598446873174306233212687970147290943104261836687526592355664079277812726328692692227511889450756873423646787495779438878843479375233704419781959629571920041102882927920400489818149702,0.0000000000000000000021333841550789068623818834453064471584589670791778816093235532460234562478798843787309053679707306083287739009403636055580635150222098559280908554220352362745484398657647347017532721483529753360190868063612695249905685608434654367720520901816380063496511326219406756114489943,0.0000000051992315688067255625951012762523121913332012350867131245956998852259785758447277473570116547398302278836623895168361071155458428991435321813186673203912488238177404839207039399978271795912370288992803308294508941439410446842596144242680022045018330377883039036768118078839574,0.0000018478410237648044936121589215597001832553332271278498410281606192601158795291295334801687888182319231962308953063630121721362341807426177095604129101401288731258510816999463919097888404920256978369945085368078565731509083235962295245822706023804006902194861247620999508323437,0.00000000000027270477358442446352163475896197375054434533070662954580605592784953870433515873354733850583600919965666803762676336746776484697939372344134266549519064164892803803677874401188504373864769631282368523915441299439607420720174666583856551725169144799956936752427190050767865329,0.0000000000057341097252458654631655408608164601202368953338751187530947454181949641619883190614489760286497127893971846254878595734394986725220832762415422933813026952413684225943834394415240812158318911762258743769931232043146926600638728100860246130962213558649727161976940360194129486,0.00000000000011107486661061047083769060137538389545574530629062255118145559965850339478112308296794078115633567347544329253090839115199404178058812134285365977051939995928989155835610083201081195148990827517101947132940957987382695196010154271582086019650990405984579052995271726038315945,0.000000000000038221090287581737636556273470530045344797737256346513070344197639004726391109832033076131439013551174527475716185416014226799596101186087429196521473732111125832369437315956332178313692262954095151378339920313650002324286437746638017353055428169835012478886285682887295836575,0.22853936605644416393951853834462055276858148871655818401487634646059089655976765418397325204047332583976842502794802898631402037666192249099878371303879600487626249198620376829806714637397361469979075236096647902105725213695032361798964729671610122016944196904981062264626522,0.20899061191336695741390658762177527784473291328518969609667623651197269659393590489407095289700990527210133473638147869269983370765503141899947972493678597941490910552644332252425597911703262141824208762578585965251174336737050714915452910233259611360032569202126873873229842,0.5624681687262422286650056830403069933034397966653320732508150038034684972700995522692258034194236150381507277814611568533296832307022939946901931938775794094770902353164347364836669320835679592517014547130521862048383429157258559995020203061173718483831998890158345697114016,0.00000000000000011841292740900713809460131866610237798180431144717956006976719326280446762665256512945955215898915666795673894797246982310504320987701329755598974985155224139474553106907816378758701097745598108940599472260345610482482453008128411551876152458822417404106960876070483441091784,0.000055698529510455795138534088122329063408350399630593376972985126809097226098877297017266066386107060699531874664698943409847226240395169330818104020606835745962426749277782497371734562707026370483251401067683198422999458997459262706752749445611018464067218751813271920864874906
-2.45,1.2000000000000004,0.99994430147048954420486146591187767093659164960036940662302701487319090277390112270298273393361389293930046812533530105659015277375960483066918189597939316425403757325072221750262826543729297362951674859893231680157700054100254073729324725055438898153593278124818672807913513,0.00000000000000000000000000034340624374147982499919014823103406657448687268910472951589177784977570741652128820485491114640596331125028440111666579560252569763641400595874565442814729212204643240731716241570580235951079222879746467877003691267813688543854995859336441158255699692891572843420446860505232,0.000000000000000000000000011917051880685038660940673485558105550502519366410100148690914605529993144927773865969391099304354733937823324982534560140614437854171790440505987070503381492928116947625282127096386746168465473482631276211805220060863375436603965738153491923374868564720680509042062287146142,0.00000000000000000000000000000000097491795008380957047341053775646515751254629777945207355539246687142812784669855660506610850912197972129262968213181065346278755281437182608605780770619724134846118429184962837921209305818544994214775996666978021043878897101252546988581519576808782142018935183582124886057712,0.00000000000000000000000000013583489367822142392161043032803635049486007213945940902744725258765125586978805648146179466479613980770638798276783646427751485299082674408590192074605382689851520334660991235335016505007976404744499109726645704165763828091573609531699317473598929577524642731257432607589149,0.0000000000000000000000000000013780448489566404801175751880772338643065700263423572027937388109434692911567470040134956936388232936252200721819041683542020843700484924020250797848697538021525934405657660227837189355535785903311380806676287550963928474888087795570787000550997915439052004613072496247138334,0.0000000000000000000000000000000085463856917578700965145545281979922853322928848776090515811010489602603359386810733488298927121727986149481719223148275835924835373915953162141766129783897517387609035151872021943696374622996879840163854389378260139781223668395468739120427005203535791717086514653745188034311,0.0000000000000000000000000000000000001982924228415947609885212784541332215345935008178430615086197960543063554795823328125198265754567033897251811445584953346079952849321794162591406306791429878794658833950935266727239012726066350312966819652452936899698494820424437980391022047195156363119728631566388102404573,0.00000000000000000000000048325484289305441480373632477462422427304452067574406418261617773892117699678059404025737018452987675037520678652146931599250791308149071213254842471464982283744676256628670327195969429272528740466114691224753556394600750174819479419596729980969531478224719304084595939531934,0.000000000000023753858010740138578525017080093606651947008568341201302397981307802007164049090971669001925664690551204287005832772779491931964041717156216444586066974294753592592814298172139549362578872679273786151361250184789724182701561709865281039729578435482518665838070445540700592744,0.00000000000000000000000000000014593765566609186742270722599331502270284091251848248520939252861100970771797027152053268027283845509317807416381265739036212285503085204946023364164977701560174757333309786133585154144118076484963120214468768909253173095066937229669128567709309096940274445655955440703210191,0.00000000000000000000000000053297035489442678114661907109855356092755077475575780958446867471107308299969957999094885774572114703641378401092246327147000221118286466311216262794213819862003518839083649139060664178745531148801700548038486956307635271712608603278850279371975682268217822746670611314640554,0.0000000000000000000014278590939899877285303156360052794600295247022171908066630411391288309313777956887173331952665141656719965692765132535121015168048621060792746976443067636554533048663523400175624068256713179903727375252613572577490534053187443904093397244750539117952551678257115711163007084,0.00000000000000000000049132925399455588379666382298155666916349996402773289926259241306861977792445708760139125340515990886781427769463243980814727887473154682399301927885441749538354651856341402631669106185000012531956930304840014090963650571789242632715316255936228863866525825045202590684991534,0.0000000000000000001223025870479197270869318409651388073283155754673236581219878447964291600601090725314042694245670819958072219996195330064685195141788425125973580792268880923061778958153593386309753957656094675693870929804943747896507474386196063938856353132632961765209701917364654533764104,0.0000000026865586688044577836649916649340747385896935994072709788617432031287946530789824778693653299151509335047535570807746142115359944467453561670284083071616832301898886034909941008960900955888890773257570417003832200155020467027265169393801891336436019142939774636145088970103461,0.99999999731341757721330919585080763604793183520157187471779068412876794888954558179351204573536506099266114656176791907476199242992525090015103788080648987560851588131146467234862296832137070450475870314905216445002319282386565571676591412889896642806593459991485201943676853,0.0000000000000000000000000087640781332415160205647369942012498123320946291213152077698434375935263200465175723309154010135230836518145783456674518437367589125663352964918148399209293913107578036967173336609989031909050101460754610154800183308758724343389593432227297794180836730803883286483079673459877,0.000055698529510455795138534088122329063408350399630593376972985126809097226098877297017266066386107060699531874664698943409847226240395169330818104020606835745962426749277782497371734562707026370483251401067683198422999458997459262706752749445611018464067218751813271920864874906
-2.45,1.2000000000000004,0.99994430147048954420486146591187767093659164960036940662302701487319090277390112270298273393361389293930046812533530105659015277375960483066918189597939316425403757325072221750262826543729297362951674859893231680157700054100254073729324725055438898153593278124818672807913513,0.00000000000000000000000000034333005593529553643502118535852692050279957241212323820322235723268183867799052833110477495388851030502628545085312276385429909983058383730945861378248907034176233809982477404366318839725387213447201137056854575767091844239992034116795450371425378827686233393611749570323312,0.000000000000000000000000011914407974071456267927244450832278852096942489512390194043417517931583871028446787008527817879431006832977213363317191212618186467500032545918811725536265325110228907274770904537792916021698058867950373678714168355435013469828851055911023184145945685156150140326827899526823,0.00000000000000000000000000000000097470165564775884002970270911836006355648610555948533569952807195464629910372529346904186577411065514987529477596747801838872852668473113069386211491189210891793835620118889155792564460713576398367619156466249471633079357915492059431491863382042951810027730488999851027200796,0.000000000000000000000000023592489794501110287919212416651066231483870858358795566429297013957898143983499078597400244945303194180645611606015255322037106624947702966472000183582167894015190238535096135486803737005671087871001076925736437537882889948905515493588215439801212000692131235298477256829078,0.0000000000000000000000000000013777391171425593856864000561059805098861184022847707789209986428715797732621349763271766498886778799755033465092770869689942409230130290004633651900309288439704592220533942334863830141025355336634999328498692288999561154926058059462753386384254835343986758473813311249359133,0.0000000000000000000000000000000085444895981703924123564321927723845602546364023097677736953605199397042852029050907498006836408930229127815624662194363780107050199096189080280423344333165078631476209904775370238588999717172217430222886467017185920166474384794417342482037248067388878100052461034320200416052,0.00000000000000000000000000000000000019829242284159377985181580342211385758934343675655658685283390082926839159736806287087077280695628346116496889770445690386281532913828151207783069502603343476635210588381926431069755291166419231981321514443827432533309191383718477180686648091548737329609554198385463484103343,0.00000000000000000000000048325484289305358616169988960690075749747829756152625112413856142690135893645927366894114722984502720870057582327477468523449469199408107168746728362957863713987364382334289584763963203135484692491208090214467474220470100942160363609960390175398323583041694786016595681608474,0.000000000000023753858010740138076847901736397424534450702104709451768636332996631714479609232298291438983288990581729980972819740070242039032741536119440372393185590412324133784002168810974000255335568105922251879543581182707609584285169622603119242844525845846511132518507562288608202099,0.000000000000000000000000000025347188477887513430024234030505781395905212986141788942401686341463369873428455546173141978485336151073695148778506573739709900541233178721656254900594986551082715510621945986144535547942935293077733754194880220320759935634486954820140497247190071788304850220526942946766813,0.0000000000000000000000000005329703548944257851992934046431799543704310839699473331477473548177039397581089237108271488149520476345996805181753731465102015921782423232665160302029416825936187382232308570087245151276973117620489012798893418011440134755885471920852716392255461996531666196062639137976881,0.000000000000000000001427859093989985939677092839352394427469608602402848418055611139441548540751948488363058520332400808064222850775933788460677252120282364426003391424219195432695776866473483488035206843858621536136271346411220424257352392916682412927772352912112958194949777083267785503655529,0.00000000000000000000049132925399455466307729346156579381020682810251515475477232973338065542016253659395518932493920718670586053355085436711323754488002328838340584979641095102727742697711279049572173621400529426801665648210916252502439138570573359465229600972819652272737607956564180023478183299,0.00000000000000002124213049118580927492507286495099016531885402201147935218390004819592254757570813664305427547952824171646974837520234509717851081136188878241411728006978464760418577315701721219952797536454767033822988510228828020438421074731237954261688168135923158701709487082358607047843,0.0000000026865586688044444907651238678757399750176390835586271228391504301743443104242281486734966319486992088047943944171453993992789024141395574227689392243450781133791873204449617591805783314453953834176434930604794466542254430546862562744650865871387099812107704960356866766786505,0.99999999731341755609349304770891380403224408393806116437955851513747585940903720818122875310838013753207576696266216699075916165526407849087321067423615395967635642483370026091364661683345271740371914594651987092528737295099297343145942991217975152768079019951716997415314742,0.0000000000000000000000015221893161452220019393786390833440402818503371528471085389180843998822148426210069365779020421194866179503494849767564423336712287850636118584398634540378234106102440286514418276210076454278519281423208926709817780501111036099113514381037116376682034457801675743341119785962,0.000055698529510455795138534088122329063408350399630593376972985126809097226098877297017266066386107060699531874664698943409847226240395169330818104020606835745962426749277782497371734562707026370483251401067683198422999458997459262706752749445611018464067218751813271920864874906
-2.45,1.2000000000000004,0.99994430147048954420486146591187767093659164960036940662302701487319090277390112270298273393361389293930046812533530105659015277375960483066918189597939316425403757325072221750262826543729297362951674859893231680157700054100254073729324725055438898153593278124818672807913513,0.0000000000022839487039067849886034242361015242438689073698919613467840754714830416147796457126603755109014984779637262740991619695728008263431385922449304344837703615838776045043190550167880817718157302636645312431325702337421261770694316949620216624918350008572621929452619485466217811,0.0000000000000000001287908566467319729244476918865915595282669097067032638956990899882838481113846912714359063681301807706567888829454506951379442004248806515197658631518173406461621705418779952393065412739539257164054988681236342492513222329222015465788559518769198592976841761086851456972626,0.000000000000000000000000010536206371231492369932264416795087381736626081717671401384464798119616935685592948002800532693990589032485517091864553075702392298595471095275280215167809826392302191618617707936933931765246542594167016735576964520845963668602019967871575040445399076242434996597209369257314,0.0000000010588989559025546045892611443502585521669070318950406622148609624476578069194170718601845426547744137280792729326968030666595370518826427898684177306917850126965638138881730125100712961981493455788102855363989397560653167903381150657089223239564934661568919544872991163372663,0.0000000000000091651908026148966606029558308887647017262129875964139972480306282483750989725403062041909789162913108823832062346932685810702064055711872550449390878857541615767352158765835031792096037959762471338723897003167195128202692459777416474135523977971780741137556423805884403917318,0.000000000000000056840860874015982493748959034025233078767148951334544465433993581563383153708197805444348354658515342059967291120616170235316434547760772689195858621945241303898883112432788581694045465540550964926141449880042517271939805133125196704699108317718254178934999187363868202391513,0.0000000000000000000013191088700633495138952722619539644318683343170804731336473906270279698321880530796880127686827399206005354877765373717474084559012290505990725517558635326337226738074281387489046447478080589132074506785187453691756015450684321810656252932341751972516481470627549035880372462,0.0000000032147761403396510645282517843379689004936420158204716991488095754797724817825382128663139004531146627615454311761699495517245135095694908592128147310890956776139319987060662705245937782848550053753128439694228440319428245754060295148113255421017016458488865507732910702324219,0.00000025671447540028648047248779650942754238970748689823953666776749341199271259557620401541025686748765564961568253676656188790714966567513397060363697748763821862234804982254644488677087961532776367464653257605347390955405029309662406328890463915708412338516411012703979463997723,0.0000000000011376548913695481390543796479120400987622092531326470869791436967178141050370813064378709122716082979738231635663992317022089743508459633679166673498013800948852076793279827108804148425807445821278342073600922644399717310087611215635441406417638773561242321966464331055891629,0.0000000000035455006931035269211650724688000669829117976438784454169043080971192125583496968261545728694885927710429464705741259361532239418300833144540237055773559928911259984554383534713346548672990661901191821709849832379776378423960841239103440192059348088897504597830761728442084672,0.000000000000015431265863988686132235550401979422541129215766985818433171099453592180299866258990815878104342495019337270630371936736360199306917583305081847710819056367610921136733829955009215327913032749629131510784984413664442859901069526753337299976388945734225797379205713241012621304,0.000000000000005309930354513242195436304076772832303970651318437388629906021521048564072998567821909442328024072372833136376381937181863105822988370185919716995455138305267087756162790870446149687891091847878156045477333611349242528655971700627440805322155634472650555578664950286705522209,0.95340805460495079788191816046610526000020162679858528584745674877645727473210209522017115777404038319134452738972346429518150969928583721213052684747483629035176483324487725815936780641398869438903390947804746319149601951285459734210277074842079017733961666153632993128475835,0.029034378288461399632531981807878709131082129046804911431885891546182431387904532042389863880454780507400642513264035684864189723810955689346135418735373291283422402502888592718337004153760262228351610067689144750918299297070490208354104316744510057705175876612400653221950538,0.017557306111440127318640907013159832949174830555847633981986349514320296714857716722632875619591893287658821867416659066097070067448475497093582111451157174436818814130878695418710861835160151100204669068092629977030771986206219925593411587529892537595359960919655682142534126,0.00000000000000011099185098216475142122185393077959346291427433046519391064705835077584877160539839813291307792047625593476070975548230185291693169508602118754243669033767902994912448600918759946366396467660220615012860976306541047633724790035979076208144340857271347348214396963490085704822,0.000055698529510455795138534088122329063408350399630593376972985126809097226098877297017266066386107060699531874664698943409847226240395169330818104020606835745962426749277782497371734562707026370483251401067683198422999458997459262706752749445611018464067218751813271920864874906
-2.45,1.2000000000000004,0.99994430147048954420486146591187767093659164960036940662302701487319090277390112270298273393361389293930046812533530105659015277375960483066918189597939316425403757325072221750262826543729297362951674859893231680157700054100254073729324725055438898153593278124818672807913513,0.0000000000028216843672457646758504619839308922227554224520941600814196694544499774608718125325563198796360814528024627030409068946385563418908099710880831156165561544335583981495483959691194777329986377173668268379929305430192587033076411224266098535390106322841104070646037909369798167,0.00000000000000000012921672703843116931619179713410022871016214423642913192510618013079520560572953174947022037598472875007484310227266639584774755910452702415451691174289838156763127232706601498639961336486688189093623391291887493049000153759952263589950626608220431166749077372114972650900155,0.000000000000000000000000010571046253899905602763569762648881464659637431896132402829364893121335449854043329196608107397925245055455401288595067568743016526783667353833147609131244613968205736631879451638881749079743663205765404059456092710087385688525910015139753013441401922899321820732917435830159,0.0000000010624003978904516066220049706147002725415950718865274909250442846913848655082053551713161598342311128005514275514191460729784923772648510633042030709987409188262586900837667420216287317408586030075254945760797273175660040290311742431931741931133652325919537592410422270179655,0.000000000000011323054482934042037017174561310844452246332446420566643146953028755662777748910245368011968001917785505312957364037556838031466987073185814982513226934496926193667337817119222852118668181766202523162673208239427492580109120937450678999307942384282292294281005204109992998986,0.000000000000000070223542356557345606667173250942428598165695268749900663723843144150756348352178488404711059738563799515743312062411489718091032393135297502972303482315157218895905071719994171106343757558641735506341471945824939141461229289514849945113361000195974155801948109439890078256405,0.0000000000000000000016296814683211437607005639727058658029790924377829903557341244672111519970672038327590976730318690412943472397790473267361491584745932834017180514545018672576410164933333855829694099504653088649924545564695278504075530469304793109456711536951755975182579800005653250433147144,0.0000000039716669485066071115308858237344532927211545348080291026410303378557991017184017311587362888944955864382014617482970685887802033605579769987745327966117893718760055543319983621501065305530091463642795210181552149677918208215248015136094958103427847661903186790345983490872562,0.00000025762050396152127336964308353511917722507350424989848343893577309070682669511075097552626611952789779564147498456910273935581530321029792174337165036751398827862834106527178175038100960606228977262593610352022029998390036397948697490044868538669042514070425896455528709253353,0.0000000000011414167541820224907116539971923328919338000773479024922542310327194795057953628862003075417235974727835797479020207260526283766588687941623638241634707594816954860882032024268850787969007852912303424026426059107085250411876588353956077055905068062703535225118708566055672531,0.0000000000043802576925990152295989826503499151332113654472311923486853935744260615887602413541497874604861652137125506613259465770515559218810014663845473011668829354850659585121976635715983082194608476080710181424862386926421665526459960663409912013673571623340151708354986198883368999,0.000000000000015482292151172554190436083701126565942095687205274964423683839121398694111648282056201468725163156382642302755815671524281119679218170387488857935938300192188743929903103885402784961666152274665157237918986931070163385377844539984925317998580255228287742418666157778754658313,0.0000000000000053286708191942982483162216561923220292777066460136355018162710725440461234979351935092418246105369707259764432095000889845970868553883422673540554009756041837669364794320059573050141973538668056990592877064253172451420600173895269106072974022401012332047535071138419661455712,0.95656067174125731020329747266083574460163600269547073120570970963057908559974272331153086960965485857227380015677259564734303674135686944906555142062625339057312341093432264066444739841888642412524460441764231162347915240673825130084656345121885070435189770628164763218270157,0.029130385740980772346238192392898720829629615135795289309958990284763584437979701908715486401001995322548724631044674216451768386269299385202352690496210350518168035461198056296303201040945388769072467033575768980826851619620660158005796335713131085385320722319709943878268723,0.014308679854814955891221340888257399631448715628559710365762077970164114279284733945089826375865147734445218452723232074289221994606485553960558534162916822963647390515465491539208463654732572468920119855296355964642431901754322655005748070998132836595071629912509477724333451,0.000000000000000090455042027336252763713591891410791749494840255439967343403348109960737844780447262668760435144605652783634007993361897545717050006256233428056860734719084877676402492845905631129121095658547202131580821439464979669595786009560568717935886886386202123089518063533490079398236,0.000055698529510455795138534088122329063408350399630593376972985126809097226098877297017266066386107060699531874664698943409847226240395169330818104020606835745962426749277782497371734562707026370483251401067683198422999458997459262706752749445611018464067218751813271920864874906
-2.45,1.2000000000000004,0.99994430147048954420486146591187767093659164960036940662302701487319090277390112270298273393361389293930046812533530105659015277375960483066918189597939316425403757325072221750262826543729297362951674859893231680157700054100254073729324725055438898153593278124818672807913513,0.0000000027248076051718732034740596970457757113553598412152506438911457263795405279483874809006055845522646188436902853067596583905961181675735266190517886176867628194347575348485402339685123390935515866118930362423082744987629792263531998847133470661876828396282061621634649457499342,0.00000000000000000013108998525004691746579659590336537912786203529624465403875295919174759563398161373365543624680570198479349368724890586751575595847189068866206473923455532701034800077583677412189405136704868692228151787316619993562489705432834058080129163675798760439068254330921915015456198,0.000000000000000000000000010724294983026122133659853635390727106968134817703706905286035091795302915081510242877216941042566824250669830673145199814004400017625141986652452111140463826344295247892175569720874329231916812517228168136440986465132989553889930738220249315172021079950305844936427230937381,0.0000000010778020437530648224916296998286793988940593384319766338823253645079084141130762182818153633630311585170411892789964803060767530471956095944123899564698940519255955288078469390896670015113257476146228775682423318157353154071219357874767146539853469903820823610537435314368456,0.000000000010931874689963266701322259178272429100956372246715538700078010945547812681832609504949949664266183961287865381454889555149762991581644508727773636644593528904879956273824284663066311151763904622332704352534179245565916255511427217089861143752944068625376253994171948436565767,0.000000000000067812560645125760530041928159007936762261787445554650568851981200331558772234992334071044046591735233810518896050131438093831653527494474167579116791025247318100613837161930399563890196301989462858150836781429541424992991099684505285939102768846576468416478853476254739255109,0.0000000000000000015733805417163106416804094889884157280703586894607757080741208813389513226540711993338699672017212174512031065442870102734077101421563294907539815662101536641443286525167727586792006979739397450034011383209080299875326244979299274616050670282334391368830334329724855353444303,0.0000038344569883313347322838065831705907337959176572283221380381815224393313453088972991121298377642854346113077381407969272073110240477863130840806821048185962888290472884003256605280147992778392708463922478997336718042822026495469235412968826679924208541381734311106512186773738,0.00000026129725098424551456604298407924415518045735622355325406028944465362944884565973412331913259079122350381808233876411184746330856161584069505531268882894349405677783149422407788991434565825568470315992915467151326144814788415652240098544778963059332694417198372936442295063071,0.0000000000011579639021918250825797173683495683152368079830982802589170778091884745079982859086312468170522371976531482744173078274130433453006805346830412745633901488189242833023067600136979244090962660486066237981211280163684775575881662232685983934117494803093482938529813421286267964,0.0000000042289320675274240742744215664543071021222094431186070875199329394417996613233353190770983742249124154246304114896539548379640604351451192146094455414232196322301737994120418155417887593862810037005477654178694481487553502849036880498547573158263661699725675559601251030470471,0.000000000000015706739338247566882867963260093941332632248100337822338422396368663135361226366828129931193753720264505347921189547711554881746748527951585931930824249943697125940754918888235333365504468374417823075109955440155535957588090602525392924960057414216748219883895215453069121861,0.0000000000000054047213441652352056648176227882149329917786892320207517290403532610172877926137991889418548777938819432849042037150200338994084004230548405628696419935409779447682960249551465747059065258923230216796585356853017119660796312167543010728049219381866207217186833008662074438139,0.97042795637473068068546182850185249444889811499211737616782348711323755697921882155780805170793488244894685598280896194128594293598264043308668111442262060574288881551329296220534117592100630921409076364444109315694383706702466562885023437286013861738583857509013131660191746,0.029552689691463969488560278630825221454178807745625632660981792249159716563830589845855417158859326839945760621216044670681657445047553762310148576043132059860724680911211689715483476607191751347256860805362406925523482757382012547937888883513349263173314569742103966109201741,0.000015250135845553379009139549180127315384726891615875910907925766207159693618236586138870595257097042753982503918302862073633421455135328406399630956221634368368603027144229152604301990733921774158069266117375223913197500821759839735674402181795760232275490254778233157772697899,0.000000000000000000096406635191290850189895055563143231986063555929215171484050305350379247359560701904037802246809191603352552629606893660369068710985578754741929272579745848114244008864504493362642632815832598846154313952931918572294513375534742629866263131458477602563810549682239146110240872,0.000055698529510455795138534088122329063408350399630593376972985126809097226098877297017266066386107060699531874664698943409847226240395169330818104020606835745962426749277782497371734562707026370483251401067683198422999458997459262706752749445611018464067218751813271920864874906
-2.45,1.2000000000000004,0.99994430147048954420486146591187767093659164960036940662302701487319090277390112270298273393361389293930046812533530105659015277375960483066918189597939316425403757325072221750262826543729297362951674859893231680157700054100254073729324725055438898153593278124818672807913513,0.00000000000000000000000000034340621344648835017127412875754214943765273883888690558552936890588519503959031870636720603231854735572605891466275784533798421782659335707207417122705829529042593718601665963423855760437996780045975349114322656413125296658189994896466852834913056341984708043223940391623332,0.000000000000000000000000011917050829373402626458767879763916199121583976898521860791392645608994595408270197685058307531462352440839634894499318042418350063701073385959188148047819809902667590283939893750443673854004060723268676847007121692654002795926443400643345079486786546241551795919038961256885,0.00000000000000000000000000000000097491786407742116450851795946514150006000401932481723057947010213564411089080013327994428178613867564982621544221213965440421878239754478961753235950858870090975965306917159444376748548736524658806620447368699972568567819045624497016008617644041710129607969933632074550736416,0.000000000000000097980190591281097666736083630908095897425393476849625969739243649542349496907292690368059868460137450840978124487193389719656055133046520004071035671534550374550177348125042996726796054547046578420127190436766599423719820262864591041414808803281112050354878823507751538686727,0.0000000000000000000000000000013780447273867597991356840406152326107414638977797275320766007752432866687116293912060567032957888649270494106594055918666103033550532847580505324151675449224131914908827196950538818737951531867159258159569538053484643126922984191228988619212466006316047065035321243672413016,0.0000000000000000000000000000000085463849378033996878243231497031866499374550098810401884330659208069031834079489334152324266443400116557171484829619373070156065439276229179171329985977325254975533756223346184916339757287353777169286972194037171385286796733680759966368060976142495480021958807196781023805298,0.00000000000000000000000000000000000019833640808888311888783964980881242682301250972274789454987118037510345972653058670536809430267237975387399849244099015288437654297766503272156312219879762715832194066973797753300386902864077148693851685522355551145943298791642009974577962167611229742508222420104719077782394,0.00000000000000000000000048336203853605146414536240544787656259959032494410327397942253606090012117547552760414005882950038920699449492952427720766430226702444019487598023461313827391822549688177512255786277025597236473854959131984489678679009647562046797991831825697786760828905380430264685067730928,0.000000000000023753855915196092080131462551087658747012972188080684819972256811292767928379614976365449444066891421737595350209345021691291935459221346807046953447249615275028900578282609418174408055489761077536283511260095086360995755172747236239423561905306436152218196508683710864494346,0.00000000000000000010526749739637048180144569779404457991480263652758805134618440905323684007060244621477687797037178785966249655168943433288486095400658204447994621552542150659067109806238268309458855898986986483260455870155930676072896285250153483204467342850447267389418600055787863000623426,0.00000000000000000000000000053297030787626039290695711241167852021683992877783687442200187903646841707918468426912060478899221068537256303776527556662042385798327804569249939048185437390565212263577245846559973374314211731598036493244078751333054319894065881880782046409458225409429685151699167077999555,0.0000000000000000000014278589680255407851085155179019402596934594733033542386975570674577210948255769070822903490934832963228619036184762579822640785207649366350215211867596476074824732336463325071145813323780896708376077227166104304892616348543158809508865041183772030257825020759186405899971681,0.00000000000000000000049143824070432209126324884980108978077561803187815512758871661831860866860781773653584236153019314292011059075083153004595231361276437580962791502706796248675365333960409993119047621482721648253336401565157697710487687260696350513018195109266879250229611101747808432921630168,0.000000088219090575864366856526250790187875644158714851320345364307868977827711101965920476269534313522278311399285127418095837778670243344851441661052612197449542473049684768396511105834419491196804023868658332928205902647873715093368431220570877625082314154699698566496878629797447,0.0000000026865584317986581420183901326545857257936539161865447075503045867372976355939916107440506362103987438030580524748370578611912408554775452126216577588017641776962226626535695144326328889781464656046453578691804259330103612237592026423512587217708625780820918927050590700784194,0.99999990909432081870399969728559311702888344039506954766240206254705872543491617301737376385971679840686041189247056977710216185761240495424841828910475414631561561465940117454618654461009923586001389684278837235331237925490242611367165314390360999958372442304920508396948259,0.0000000000000063216896822260346343642760624453156954598985910749134467304932084010397196404577865625908813942052233111561965085015323666338161147596239504494681033440981974515709748089860743394542055312546516351775361884871519255681175323116094503500340655326418447104975196611246885610785,0.000055698529510455795138534088122329063408350399630593376972985126809097226098877297017266066386107060699531874664698943409847226240395169330818104020606835745962426749277782497371734562707026370483251401067683198422999458997459262706752749445611018464067218751813271920864874906
-2.45,1.2000000000000004,0.99994430147048954420486146591187767093659164960036940662302701487319090277390112270298273393361389293930046812533530105659015277375960483066918189597939316425403757325072221750262826543729297362951674859893231680157700054100254073729324725055438898153593278124818672807913513,0.000000000015643592957387512067745254260594342793522795203644094792792667804558513670146674788584147561104303602633038262253068925377716680741765090260298981603583353068468558069300217859968513080093244844454341630066652733267067660431232038685787749976090567952158397964595095831521098,0.00000000000000000013071716121360039989647088122518214979343551095413608438084178362127764142985698911020815080033872912384001048758495404775722817586898831062586699566481070504265737079029937167970383806242251048719126433027984427912202590249012429349923637137107056026078209430257277905595793,0.000000000000000000000000010693794751174027268083760010497520126607187718374193152854146396831180640364017429864664818738469784696244942041595378556686801139304594070899954033385472533957298959592696498673010803902546475088864479516114816266714164137915891789538118977527829188238996141877065984786628,0.0000000010747367408798073964111844555988941237646304769506568120864465489701192533467084037672727822563953998483540901780805217420796389105872056258205671091100632627327310776383776334798141300221884575776267551194277394391701744754374650241247228468512977083864580392035631030857282,0.000000000000062775715605016822378363902359281171874993740214466965279548340928652864783314417128865124350366176427757502837432049666921093347161416194928628954774341901934730480268085053497275462647288097150579658738494418622203489213613702461219498023120649124743129244511778056156740368,0.00000000000000038932366972147646236081908427499940413901458086697038694853267980443901659014817741878871613066305555212603297440392063366857241639955196247315569372172563184925284511113711341069654399010414342253463105307436334986109308177855797414111651994800317379323483424099719569256128,0.0000000000000000000090350550318632030800198067896788936445372510749848575053685902210030748131040667898851506535383132795058996647265079284013343503688667962410431636154697088159296396403517139523993829442454968479918953886143570973103926844463274371377982522770895535714573292902956647406848573,0.000000022019167638297051041265333900930179186229035730900625073246126679930293233692089261656279107577048633593630724487042063738450177974581821320598717299820596591014088939449941358578411539007381450660791786587247878066770471928917842593177823825105073151986463263944589096752051,0.00000026061193252675078929238376006667259786465935990495050921305987670863065349118536142222413899300522096480214569408339654901390301725240100998968982559529913273307025777447201354591057351593685472078550436550677819360724025129124473480958037036615353490493495989145142142711615,0.0000000000011546706164747586463756745296825503779055673370611666417358298878651048409974725756375182693832024747642590138619538502099282026823617271540911922145524771155960050730972670255839430512705127349711340117800999545509761869396023924340125325588571941730613649999593821810141047,0.000000000024284420038932048053422519278309036622631157992491296064873480610559319756522813764808623543845702094982429622010013594125760393204298155644475899168585728226080878726192897401788475014470637057747382575950123304968554396115679854675039252157118122191834348754701271665760113,0.000000000000015665544421978763155381720132851045385903770476492147507488595512263475951406815898945912782497748549836513600425422403015153494535736515343655294322424973555862176200952242293416489979836537446533266505709372454281658761954146549561059174519288997539823787252723404604088836,0.000000000000005390546088662838317312539479531962239090894527453118732868559430520606452726390162314501190683246481979352086451065403370193277371785020792487426096896165731313628119141876876445577463828613718486302478001476966906660968844708089441259262944069341692972738293481482294297437,0.96788276239481455360503799167978031176226792919579458465326801034346322872419102967240490908759131007969656478314461244450253825338651083711053984890750904580756449602272930925835241517331397957835181237670666918079492730780834812686990833880880056320485687446968487773170518,0.029475180251016647588875577427202743166792400486726785783154752219524442973782725669760585904886059554419135666452110868319369263120160699260290677114800240236805170945810042140451047764700309839922998615549810968767662849325702350836351969779224224479598304754139810524758538,0.0026417736071649712956323018657960072037487348438514262101446413393349947166759546256787560970627071326386514754845834760803972804887271813821138689493880383326778370222532548719979344536212994563857274235690128562857594782079915733150789357337169682502323083423390230588313553,0.000000000000000016700474473359827293465359935749016388663152772367609903462346605457698549288229510429097032505351470928080546548908017741603167275652643107404046735834895957518782847654493701561645774890940908562818070108525039447307374853691689845133310494155472172000914716535404460767562,0.000055698529510455795138534088122329063408350399630593376972985126809097226098877297017266066386107060699531874664698943409847226240395169330818104020606835745962426749277782497371734562707026370483251401067683198422999458997459262706752749445611018464067218751813271920864874906
